5,25,16,-397,-41,-369,-41,12
6,26,22,-397,36,-369,35,12
7,17,21,-319,-16,-319,10,28
13,33,34,-396,-90,-397,73,12
24,45,46,-284,-90,-319,-90,9
25,46,33,-319,-90,-396,-90,9
26,46,15,-319,-90,-319,-66,48
29,45,47,-284,-90,-215,-91,9
30,47,41,-215,-91,-215,-27,50
31,50,51,-215,-37,-186,-37,9
32,47,52,-215,-91,-186,-92,9
33,52,53,-186,-92,-186,74,9
42,56,34,-284,73,-397,73,9
43,56,53,-284,73,-186,74,9
46,45,56,-284,-90,-284,73,9
47,23,58,-319,60,-299,59,9
48,58,59,-299,59,-300,-2,9
49,59,42,-300,-2,-265,-2,9
72,110,111,-284,-212,-284,-189,98
73,111,101,-284,-189,-299,-189,112
74,111,104,-284,-189,-220,-189,113
75,103,114,-299,-140,-299,-132,98
76,114,124,-299,-132,-220,-130,98
77,106,124,-220,-140,-220,-130,98
78,124,125,-220,-130,-204,-130,98
79,125,127,-204,-130,-204,-165,98
80,127,109,-204,-165,-187,-164,98
81,108,128,-385,-141,-365,-141,98
82,128,129,-365,-141,-365,-122,98
83,129,130,-365,-122,-269,-122,98
84,130,105,-269,-122,-270,-164,98
85,107,131,-385,-189,-349,-188,98
86,131,102,-349,-188,-349,-164,98
87,110,132,-284,-212,-384,-212,98
88,132,133,-384,-212,-385,-113,98
89,110,135,-284,-212,-187,-212,98
91,133,134,-385,-113,-188,-113,98
159,229,220,-160,-142,-132,-142,216
160,230,226,-160,-65,-132,-66,216
161,221,225,-82,-117,-82,-91,232
162,227,233,-82,-41,-70,-40,216
163,233,234,-70,-40,-70,-103,216
165,235,219,-82,-191,-82,-167,236
166,235,237,-82,-191,-159,-191,216
167,237,238,-159,-191,-160,-28,216
173,238,243,-160,-28,-48,-27,216
174,234,241,-70,-103,-48,-103,216
175,235,244,-82,-191,-47,-191,216
176,244,243,-47,-191,-48,-27,216
182,257,258,-216,-234,-417,-233,6
183,258,259,-417,-233,-417,85,6
184,259,260,-417,85,-25,86,6
185,257,261,-216,-234,-25,-235,6
186,261,260,-25,-235,-25,86,6
187,241,256,-48,-103,-25,-103,6
188,257,262,-216,-234,-217,-222,6
189,262,263,-217,-222,-284,-222,6
190,263,110,-284,-222,-284,-212,6
191,262,265,-217,-222,-173,-221,6
193,266,268,-174,-101,-284,-101,6
194,268,45,-284,-101,-284,-90,6
195,265,264,-173,-221,-83,-221,6
196,264,235,-83,-221,-82,-191,6
197,255,280,-417,-79,-404,-79,6
198,280,281,-404,-79,-403,-140,6
199,281,108,-403,-140,-385,-141,6
200,280,277,-404,-79,-405,36,6
201,277,26,-405,36,-397,36,6
202,274,25,-409,-41,-397,-41,6
203,254,269,-417,-122,-408,-122,6
204,269,274,-408,-122,-409,-41,6
205,269,270,-408,-122,-408,-189,6
206,270,107,-408,-189,-385,-189,6
207,51,282,-186,-37,-173,-38,6
208,282,283,-173,-38,-173,-65,6
209,283,230,-173,-65,-160,-65,6
211,135,134,-187,-212,-188,-113,6
212,265,266,-173,-221,-174,-101,6
213,109,285,-187,-164,-167,-163,6
214,285,286,-167,-163,-168,-141,6
215,286,229,-168,-141,-160,-142,6
219,306,297,55,-41,83,-41,293
220,307,303,55,36,83,35,293
221,298,302,133,-16,133,10,309
227,314,315,56,-90,55,73,293
238,326,327,168,-90,133,-90,290
239,327,314,133,-90,56,-90,290
240,327,296,133,-90,133,-66,329
243,326,328,168,-90,237,-91,290
244,328,322,237,-91,237,-27,331
245,331,332,237,-37,266,-37,290
246,328,333,237,-91,266,-92,290
247,333,334,266,-92,266,74,290
256,337,315,168,73,55,73,290
257,337,334,168,73,266,74,290
260,326,337,168,-90,168,73,290
261,304,339,133,60,153,59,290
262,339,340,153,59,152,-2,290
263,340,323,152,-2,187,-2,290
286,391,392,168,-212,168,-189,379
287,392,382,168,-189,153,-189,393
288,392,385,168,-189,232,-189,394
289,384,395,153,-140,153,-132,379
290,395,405,153,-132,232,-130,379
291,387,405,232,-140,232,-130,379
292,405,406,232,-130,248,-130,379
293,406,408,248,-130,248,-165,379
294,408,390,248,-165,265,-164,379
295,389,409,67,-141,87,-141,379
296,409,410,87,-141,87,-122,379
297,410,411,87,-122,183,-122,379
298,411,386,183,-122,182,-164,379
299,388,412,67,-189,103,-188,379
300,412,383,103,-188,103,-164,379
301,391,413,168,-212,68,-212,379
302,413,414,68,-212,67,-113,379
303,391,416,168,-212,265,-212,379
305,414,415,67,-113,264,-113,379
373,510,501,292,-142,320,-142,497
374,511,507,292,-65,320,-66,497
375,502,506,370,-117,370,-91,513
376,508,514,370,-41,382,-40,497
377,514,515,382,-40,382,-103,497
379,516,500,370,-191,370,-167,517
380,516,518,370,-191,293,-191,497
381,518,519,293,-191,292,-28,497
387,519,524,292,-28,404,-27,497
388,515,522,382,-103,404,-103,497
389,516,525,370,-191,405,-191,497
390,525,524,405,-191,404,-27,497
396,538,539,236,-234,35,-233,287
397,539,540,35,-233,35,85,287
398,540,541,35,85,427,86,287
399,538,542,236,-234,427,-235,287
400,542,541,427,-235,427,86,287
401,522,537,404,-103,427,-103,287
402,538,543,236,-234,235,-222,287
403,543,544,235,-222,168,-222,287
404,544,391,168,-222,168,-212,287
405,543,546,235,-222,279,-221,287
407,547,549,278,-101,168,-101,287
408,549,326,168,-101,168,-90,287
409,546,545,279,-221,369,-221,287
410,545,516,369,-221,370,-191,287
411,536,561,35,-79,48,-79,287
412,561,562,48,-79,49,-140,287
413,562,389,49,-140,67,-141,287
414,561,558,48,-79,47,36,287
415,558,307,47,36,55,36,287
416,555,306,43,-41,55,-41,287
417,535,550,35,-122,44,-122,287
418,550,555,44,-122,43,-41,287
419,550,551,44,-122,44,-189,287
420,551,388,44,-189,67,-189,287
421,332,563,266,-37,279,-38,287
422,563,564,279,-38,279,-65,287
423,564,511,279,-65,292,-65,287
425,416,415,265,-212,264,-113,287
426,546,547,279,-221,278,-101,287
427,390,566,265,-164,285,-163,287
428,566,567,285,-163,284,-141,287
429,567,510,284,-141,292,-142,287
431,584,575,-404,155,-376,155,571
432,585,581,-404,232,-376,231,571
433,576,580,-326,180,-326,206,587
434,582,588,-326,256,-314,257,571
435,588,589,-314,257,-314,194,571
437,590,574,-326,106,-326,130,591
438,590,592,-326,106,-403,106,571
439,592,593,-403,106,-404,269,571
445,593,598,-404,269,-292,270,571
446,589,596,-314,194,-292,194,571
447,590,599,-326,106,-291,106,571
448,599,598,-291,106,-292,270,571
450,613,604,-5,154,23,154,600
451,614,610,-5,231,23,230,600
452,605,609,73,179,73,205,616
453,611,617,73,255,85,256,600
454,617,618,85,256,85,193,600
456,619,603,73,105,73,129,620
457,619,621,73,105,-4,105,600
458,621,622,-4,105,-5,268,600
464,622,627,-5,268,107,269,600
465,618,625,85,193,107,193,600
466,619,628,73,105,108,105,600
467,628,627,108,105,107,269,600
469,641,642,237,144,237,167,629
470,642,632,237,167,222,167,643
471,642,635,237,167,301,167,644
472,634,645,222,216,222,224,629
473,645,655,222,224,301,226,629
474,637,655,301,216,301,226,629
475,655,656,301,226,317,226,629
476,656,658,317,226,317,191,629
477,658,640,317,191,334,192,629
478,639,659,136,215,156,215,629
479,659,660,156,215,156,234,629
480,660,661,156,234,252,234,629
481,661,636,252,234,251,192,629
482,638,662,136,167,172,168,629
483,662,633,172,168,172,192,629
484,641,663,237,144,137,144,629
485,663,664,137,144,136,243,629
486,641,666,237,144,334,144,629
487,666,665,334,144,333,243,629
488,664,665,136,243,333,243,629
489,669,670,5,-262,-480,-265,3
490,670,671,-480,-265,-481,302,3
491,671,672,-481,302,467,302,3
492,669,673,5,-262,467,-263,3
493,673,672,467,-263,467,302,3
494,570,677,-481,137,-458,137,3
495,677,676,-458,137,-459,288,3
496,676,675,-459,288,-45,288,3
497,675,674,-45,288,-44,231,3
498,674,614,-44,231,-5,231,3
500,680,679,-43,96,18,96,3
501,674,680,-44,231,-43,96,3
502,679,678,18,96,18,-79,3
503,678,536,18,-79,35,-79,3
504,568,681,-481,48,-457,48,3
505,681,682,-457,48,-457,-122,3
506,682,254,-457,-122,-417,-122,3
507,681,683,-457,48,-440,48,3
508,683,684,-440,48,-439,232,3
509,684,585,-439,232,-404,232,3
510,569,685,-481,93,-432,94,3
511,685,686,-432,94,-432,-77,3
512,686,255,-432,-77,-417,-79,3
513,685,687,-432,94,-431,154,3
514,687,584,-431,154,-404,155,3
516,688,689,16,-101,16,-123,3
517,689,535,16,-123,35,-122,3
521,256,692,-25,-103,-3,-101,3
522,692,688,-3,-101,16,-101,3
523,692,693,-3,-101,-4,71,3
524,693,694,-4,71,-17,71,3
525,694,690,-17,71,-17,154,3
526,690,613,-17,154,-5,154,3
527,537,695,427,-103,448,-103,3
528,695,696,448,-103,449,71,3
529,696,667,449,71,468,71,3
530,625,697,107,193,121,194,3
531,697,698,121,194,121,168,3
532,698,638,121,168,136,167,3
533,596,699,-292,194,-28,195,3
534,699,700,-28,195,-28,287,3
535,700,701,-28,287,120,288,3
536,701,702,120,288,121,215,3
537,702,639,121,215,136,215,3
538,640,703,334,192,448,192,3
539,703,704,448,192,449,117,3
540,704,668,449,117,468,116,3
541,669,705,5,-262,4,-248,0
542,705,706,4,-248,-216,-248,0
543,706,257,-216,-248,-216,-234,0
544,705,707,4,-248,235,-248,0
545,707,538,235,-248,236,-234,0
546,707,708,235,-248,439,-248,0
547,708,709,439,-248,438,97,0
548,709,710,438,97,236,97,0
549,710,641,236,97,237,144,0
550,710,711,236,97,72,95,0
551,711,619,72,95,73,105,0
552,709,712,438,97,437,294,0
553,712,713,437,294,-274,294,0
554,713,714,-274,294,-273,95,0
555,714,715,-273,95,-326,94,0
556,715,590,-326,94,-326,106,0
