1,25,0,S,1
2,-25,0,Z,1
3,-200,0,L,1
10,460,199,D,6
11,460,249,W,6
12,510,224,Q,6
13,386,200,D,7
14,386,250,W,7
15,436,225,Q,7
16,537,199,D,8
17,537,249,W,8
18,587,224,Q,8
19,608,199,D,9
20,608,249,W,9
21,658,224,Q,9
22,687,199,D,10
23,687,249,W,10
24,737,224,Q,10
25,311,199,D,11
26,311,249,W,11
27,361,224,Q,11
28,234,199,D,12
29,234,249,W,12
30,284,224,Q,12
31,157,199,D,13
32,157,249,W,13
33,207,224,Q,13
34,460,159,U,14
35,387,159,U,15
36,312,159,U,16
37,235,161,U,17
38,158,162,U,18
39,536,160,U,19
40,608,160,U,20
41,686,159,U,21
43,158,283,U,23
44,235,284,U,24
45,311,283,U,25
46,386,284,U,26
47,460,284,U,27
48,536,285,U,28
49,608,283,U,29
50,688,282,U,30
51,779,224,U,31
52,220,224,U,32
53,220,268,U,33
54,159,268,U,34
55,297,224,U,35
56,297,270,U,36
57,233,269,U,37
58,311,270,U,38
59,385,271,U,39
60,460,271,U,40
61,537,271,U,41
62,608,272,U,42
63,688,271,U,43
64,373,270,U,44
65,448,269,U,45
66,523,270,U,46
67,597,270,U,47
68,672,271,U,48
69,751,224,U,49
70,751,271,U,50
71,374,224,U,51
72,448,224,U,52
73,523,223,U,53
74,598,224,U,54
75,672,224,U,55
76,763,223,U,56
77,763,259,U,57
78,688,260,U,58
79,608,260,U,59
80,537,260,U,60
81,459,261,U,61
82,386,260,U,62
83,311,259,U,63
84,234,259,U,64
85,158,260,U,65
86,778,157,U,66
87,779,282,U,67
88,136,284,U,68
89,136,160,U,69
174,1034,33,U,137
182,1111,33,U,145
183,1073,33,U,146
188,1147,32,U,151
192,1181,33,U,155
193,1214,33,U,156
195,1247,32,U,158
197,996,33,U,160
381,234,140,U,297
382,313,132,U,298
383,386,122,U,299
384,458,113,U,300
385,536,104,U,301
386,608,96,U,302
387,686,85,U,303
388,1246,85,U,304
389,1214,95,U,305
390,1180,104,U,306
391,1147,112,U,307
392,1111,121,U,308
393,1073,132,U,309
394,1034,140,U,310
395,996,147,U,311
396,158,145,U,312
438,233,340,C,343
439,183,365,B,343
440,233,390,E,343
441,312,339,C,344
442,262,364,B,344
443,312,389,E,344
445,233,331,N,343
446,312,330,N,344
447,385,337,C,345
448,335,362,B,345
449,385,387,E,345
450,461,337,C,346
451,412,362,B,346
452,461,387,E,346
453,535,338,C,347
454,485,363,B,347
455,535,388,E,347
456,611,336,C,348
457,561,361,B,348
458,611,386,E,348
459,682,336,C,349
460,632,361,B,349
461,682,386,E,349
462,385,329,N,345
463,461,329,N,346
464,535,330,N,347
465,611,328,N,348
466,683,327,N,349
476,158,340,C,355
477,108,365,B,355
478,158,390,E,355
480,158,331,N,355
481,108,313,U,357
482,182,313,U,358
483,262,311,U,359
484,335,310,U,360
485,412,311,U,361
486,484,310,U,362
487,560,310,U,363
488,632,313,U,364
493,158,410,U,369
496,233,414,U,372
497,312,419,U,373
498,385,423,U,374
499,460,430,U,375
500,534,436,U,376
501,610,442,U,377
502,682,449,U,378
503,996,409,U,379
505,1032,413,U,381
506,1071,419,U,382
507,1110,423,U,383
508,1146,429,U,384
509,1180,435,U,385
511,1246,449,U,387
521,460,611,D,395
522,460,661,W,395
523,510,636,Q,395
524,386,612,D,396
525,386,662,W,396
526,436,637,Q,396
527,537,611,D,397
528,537,661,W,397
529,587,636,Q,397
530,608,611,D,398
531,608,661,W,398
532,658,636,Q,398
533,687,611,D,399
534,687,661,W,399
535,737,636,Q,399
536,311,611,D,400
537,311,661,W,400
538,361,636,Q,400
539,234,611,D,401
540,234,661,W,401
541,284,636,Q,401
542,157,611,D,402
543,157,661,W,402
544,207,636,Q,402
545,460,571,U,403
546,387,571,U,404
547,312,571,U,405
548,235,573,U,406
549,158,574,U,407
550,536,572,U,408
551,608,572,U,409
552,686,571,U,410
554,158,695,U,412
555,235,696,U,413
556,311,695,U,414
557,386,696,U,415
558,460,696,U,416
559,536,697,U,417
560,608,695,U,418
561,688,694,U,419
562,779,636,U,420
563,220,636,U,421
564,220,680,U,422
565,159,680,U,423
566,297,636,U,424
567,297,682,U,425
568,233,681,U,426
569,311,682,U,427
570,385,683,U,428
571,460,683,U,429
572,537,683,U,430
573,608,684,U,431
574,688,683,U,432
575,373,682,U,433
576,448,681,U,434
577,523,682,U,435
578,597,682,U,436
579,672,683,U,437
580,751,636,U,438
581,751,683,U,439
582,374,636,U,440
583,448,636,U,441
584,523,635,U,442
585,598,636,U,443
586,672,636,U,444
587,763,635,U,445
588,763,671,U,446
589,688,672,U,447
590,608,672,U,448
591,537,672,U,449
592,459,673,U,450
593,386,672,U,451
594,311,671,U,452
595,234,671,U,453
596,158,672,U,454
597,778,569,U,455
598,779,694,U,456
599,136,696,U,457
600,136,572,U,458
892,234,552,U,686
893,313,544,U,687
894,386,534,U,688
895,458,525,U,689
896,536,516,U,690
897,608,508,U,691
898,686,497,U,692
899,1246,497,U,693
900,1214,507,U,694
901,1180,516,U,695
902,1147,524,U,696
903,1111,533,U,697
904,1073,544,U,698
905,1034,552,U,699
906,996,559,U,700
907,158,557,U,701
949,233,752,C,732
950,183,777,B,732
951,233,802,E,732
952,312,751,C,733
953,262,776,B,733
954,312,801,E,733
956,233,743,N,732
957,312,742,N,733
958,385,749,C,734
959,335,774,B,734
960,385,799,E,734
961,461,749,C,735
962,412,774,B,735
963,461,799,E,735
964,535,750,C,736
965,485,775,B,736
966,535,800,E,736
967,611,748,C,737
968,561,773,B,737
969,611,798,E,737
970,682,748,C,738
971,632,773,B,738
972,682,798,E,738
973,385,741,N,734
974,461,741,N,735
975,535,742,N,736
976,611,740,N,737
977,683,739,N,738
987,158,752,C,744
988,108,777,B,744
989,158,802,E,744
991,158,743,N,744
992,108,725,U,746
993,182,725,U,747
994,262,723,U,748
995,335,722,U,749
996,412,723,U,750
997,484,722,U,751
998,560,722,U,752
999,632,725,U,753
1004,158,822,U,758
1007,233,826,U,761
1008,312,831,U,762
1009,385,835,U,763
1010,460,842,U,764
1011,534,848,U,765
1012,610,854,U,766
1013,682,861,U,767
1014,996,821,U,768
1016,1032,825,U,770
1017,1071,831,U,771
1018,1110,835,U,772
1019,1146,841,U,773
1020,1180,847,U,774
1021,1213,853,U,775
1022,1246,861,U,776
1023,1214,442,U,777
1030,70,312,U,784
1031,70,725,U,785
1032,814,0,U,786
1033,814,226,U,787
1034,811,634,U,788
1035,23,312,U,789
1036,23,723,U,790
1037,993,-2,U,791
1038,1033,0,U,792
1039,1072,0,U,793
1040,1110,-3,U,794
1041,1144,-3,U,795
1042,1180,-3,U,796
1043,1214,0,U,797
1044,1246,0,U,798
