9,GATED LATCH,529,413
13,GATED LATCH,454,412
14,GATED LATCH,377,412
15,GATED LATCH,300,412
17,LED,505,347
18,LED,430,347
19,LED,353,349
20,LED,276,350
25,LED,276,471
26,LED,353,472
27,LED,429,471
28,LED,504,472
34,BUFFER,338,412
35,BUFFER,338,456
36,BUFFER,277,456
37,BUFFER,415,412
38,BUFFER,415,458
39,BUFFER,351,457
40,BUFFER,429,458
41,BUFFER,503,459
46,BUFFER,491,458
47,BUFFER,566,457
53,BUFFER,492,412
54,BUFFER,566,412
64,BUFFER,504,448
65,BUFFER,429,447
66,BUFFER,352,447
67,BUFFER,276,448
70,BUFFER,254,472
71,BUFFER,254,348
299,BUFFER,352,328
300,BUFFER,431,320
301,BUFFER,504,310
314,BUFFER,276,333
345,TRANSISTOR,326,553
346,TRANSISTOR,405,552
347,TRANSISTOR,478,550
357,TRANSISTOR,251,553
359,BUFFER,226,501
360,BUFFER,300,501
361,BUFFER,380,499
362,BUFFER,453,498
371,BUFFER,276,598
374,BUFFER,351,602
375,BUFFER,430,607
376,BUFFER,503,611
397,GATED LATCH,606,858
398,GATED LATCH,532,859
399,GATED LATCH,683,858
400,GATED LATCH,754,858
401,GATED LATCH,833,858
402,GATED LATCH,457,858
403,GATED LATCH,380,858
404,GATED LATCH,303,858
405,LED,581,793
406,LED,508,793
407,LED,433,793
408,LED,356,795
409,LED,279,796
410,LED,657,794
411,LED,729,794
412,LED,807,793
414,LED,279,917
415,LED,356,918
416,LED,432,917
417,LED,507,918
418,LED,581,918
419,LED,657,919
420,LED,729,917
421,LED,809,916
422,LED,900,858
423,BUFFER,341,858
424,BUFFER,341,902
425,BUFFER,280,902
426,BUFFER,418,858
427,BUFFER,418,904
428,BUFFER,354,903
429,BUFFER,432,904
430,BUFFER,506,905
431,BUFFER,581,905
432,BUFFER,658,905
433,BUFFER,729,906
434,BUFFER,809,905
435,BUFFER,494,904
436,BUFFER,569,903
437,BUFFER,644,904
438,BUFFER,718,904
439,BUFFER,793,905
440,BUFFER,872,858
441,BUFFER,872,905
442,BUFFER,495,858
443,BUFFER,569,858
444,BUFFER,644,857
445,BUFFER,719,858
446,BUFFER,793,858
447,BUFFER,884,857
448,BUFFER,884,893
449,BUFFER,809,894
450,BUFFER,729,894
451,BUFFER,658,894
452,BUFFER,580,895
453,BUFFER,507,894
454,BUFFER,432,893
455,BUFFER,355,893
456,BUFFER,279,894
457,BUFFER,899,791
458,BUFFER,900,916
459,BUFFER,257,918
460,BUFFER,257,794
688,BUFFER,355,774
689,BUFFER,434,766
690,BUFFER,507,756
691,BUFFER,579,747
692,BUFFER,657,738
693,BUFFER,729,730
694,BUFFER,807,719
703,BUFFER,279,779
734,TRANSISTOR,329,999
735,TRANSISTOR,408,998
736,TRANSISTOR,481,996
737,TRANSISTOR,558,996
738,TRANSISTOR,631,997
739,TRANSISTOR,707,995
740,TRANSISTOR,778,995
746,TRANSISTOR,254,999
748,BUFFER,229,947
749,BUFFER,303,947
750,BUFFER,383,945
751,BUFFER,456,944
752,BUFFER,533,945
753,BUFFER,605,944
754,BUFFER,681,944
755,BUFFER,753,947
760,BUFFER,279,1044
763,BUFFER,354,1048
764,BUFFER,433,1053
765,BUFFER,506,1057
766,BUFFER,581,1064
767,BUFFER,655,1070
768,BUFFER,731,1076
769,BUFFER,803,1083
1920,GATED LATCH,609,2647
1921,GATED LATCH,535,2648
1922,GATED LATCH,686,2647
1923,GATED LATCH,757,2647
1924,GATED LATCH,836,2647
1925,GATED LATCH,460,2647
1926,GATED LATCH,383,2647
1927,GATED LATCH,306,2647
1928,LED,584,2582
1929,LED,511,2582
1930,LED,436,2582
1931,LED,359,2584
1932,LED,282,2585
1933,LED,660,2583
1934,LED,732,2583
1935,LED,810,2582
1937,LED,282,2706
1938,LED,359,2707
1939,LED,435,2706
1940,LED,510,2707
1941,LED,584,2707
1942,LED,660,2708
1943,LED,732,2706
1944,LED,812,2705
1945,LED,903,2647
1946,BUFFER,344,2647
1947,BUFFER,344,2691
1948,BUFFER,283,2691
1949,BUFFER,421,2647
1950,BUFFER,421,2693
1951,BUFFER,357,2692
1952,BUFFER,435,2693
1953,BUFFER,509,2694
1954,BUFFER,584,2694
1955,BUFFER,661,2694
1956,BUFFER,732,2695
1957,BUFFER,812,2694
1958,BUFFER,497,2693
1959,BUFFER,572,2692
1960,BUFFER,647,2693
1961,BUFFER,721,2693
1962,BUFFER,796,2694
1963,BUFFER,875,2647
1964,BUFFER,875,2694
1965,BUFFER,498,2647
1966,BUFFER,572,2647
1967,BUFFER,647,2646
1968,BUFFER,722,2647
1969,BUFFER,796,2647
1970,BUFFER,887,2646
1971,BUFFER,887,2682
1972,BUFFER,812,2683
1973,BUFFER,732,2683
1974,BUFFER,661,2683
1975,BUFFER,583,2684
1976,BUFFER,510,2683
1977,BUFFER,435,2682
1978,BUFFER,358,2682
1979,BUFFER,282,2683
1980,BUFFER,902,2580
1981,BUFFER,903,2705
1982,BUFFER,260,2707
1983,BUFFER,260,2583
2211,BUFFER,358,2563
2212,BUFFER,437,2555
2213,BUFFER,510,2545
2214,BUFFER,582,2536
2215,BUFFER,660,2527
2216,BUFFER,732,2519
2217,BUFFER,810,2508
2226,BUFFER,282,2568
2309,GATED LATCH,609,3123
2310,GATED LATCH,535,3124
2311,GATED LATCH,686,3123
2312,GATED LATCH,757,3123
2313,GATED LATCH,836,3123
2314,GATED LATCH,460,3123
2315,GATED LATCH,383,3123
2316,GATED LATCH,306,3123
2317,LED,584,3058
2318,LED,511,3058
2319,LED,436,3058
2320,LED,359,3060
2321,LED,282,3061
2322,LED,660,3059
2323,LED,732,3059
2324,LED,810,3058
2326,LED,282,3182
2327,LED,359,3183
2328,LED,435,3182
2329,LED,510,3183
2330,LED,584,3183
2331,LED,660,3184
2332,LED,732,3182
2333,LED,812,3181
2334,LED,903,3123
2335,BUFFER,344,3123
2336,BUFFER,344,3167
2337,BUFFER,283,3167
2338,BUFFER,421,3123
2339,BUFFER,421,3169
2340,BUFFER,357,3168
2341,BUFFER,435,3169
2342,BUFFER,509,3170
2343,BUFFER,584,3170
2344,BUFFER,661,3170
2345,BUFFER,732,3171
2346,BUFFER,812,3170
2347,BUFFER,497,3169
2348,BUFFER,572,3168
2349,BUFFER,647,3169
2350,BUFFER,721,3169
2351,BUFFER,796,3170
2352,BUFFER,875,3123
2353,BUFFER,875,3170
2354,BUFFER,498,3123
2355,BUFFER,572,3123
2356,BUFFER,647,3122
2357,BUFFER,722,3123
2358,BUFFER,796,3123
2359,BUFFER,887,3122
2360,BUFFER,887,3158
2361,BUFFER,812,3159
2362,BUFFER,732,3159
2363,BUFFER,661,3159
2364,BUFFER,583,3160
2365,BUFFER,510,3159
2366,BUFFER,435,3158
2367,BUFFER,358,3158
2368,BUFFER,282,3159
2369,BUFFER,902,3056
2370,BUFFER,903,3181
2371,BUFFER,260,3183
2372,BUFFER,260,3059
2600,BUFFER,358,3039
2601,BUFFER,437,3031
2602,BUFFER,510,3021
2603,BUFFER,582,3012
2604,BUFFER,660,3003
2605,BUFFER,732,2995
2606,BUFFER,810,2984
2615,BUFFER,282,3044
2692,LED,25,87
2693,LED,-230,88
2694,LED,-194,87
2701,LED,-157,87
2702,LED,-123,87
2703,LED,-78,87
2704,LED,-46,86
2705,LED,-11,87
2712,GATED LATCH,-666,878
2713,GATED LATCH,-740,879
2714,GATED LATCH,-589,878
2715,GATED LATCH,-518,878
2716,GATED LATCH,-439,878
2717,GATED LATCH,-815,878
2718,GATED LATCH,-892,878
2719,GATED LATCH,-969,878
2720,LED,-691,813
2721,LED,-764,813
2722,LED,-839,813
2723,LED,-916,815
2724,LED,-993,816
2725,LED,-615,814
2726,LED,-543,814
2727,LED,-465,813
2729,LED,-993,937
2730,LED,-916,938
2731,LED,-840,937
2732,LED,-765,938
2733,LED,-691,938
2734,LED,-615,939
2735,LED,-543,937
2736,LED,-463,936
2738,BUFFER,-931,878
2739,BUFFER,-931,922
2740,BUFFER,-992,922
2741,BUFFER,-854,878
2742,BUFFER,-854,924
2743,BUFFER,-918,923
2744,BUFFER,-840,924
2745,BUFFER,-766,925
2746,BUFFER,-691,925
2747,BUFFER,-614,925
2748,BUFFER,-543,926
2749,BUFFER,-463,925
2750,BUFFER,-778,924
2751,BUFFER,-703,923
2752,BUFFER,-628,924
2753,BUFFER,-554,924
2754,BUFFER,-479,925
2755,BUFFER,-400,878
2756,BUFFER,-400,925
2757,BUFFER,-777,878
2758,BUFFER,-703,878
2759,BUFFER,-628,877
2760,BUFFER,-553,878
2761,BUFFER,-479,878
2764,BUFFER,-463,914
2765,BUFFER,-543,914
2766,BUFFER,-614,914
2767,BUFFER,-692,915
2768,BUFFER,-765,914
2769,BUFFER,-840,913
2770,BUFFER,-917,913
2771,BUFFER,-993,914
2772,BUFFER,-373,811
2773,BUFFER,-372,936
2774,BUFFER,-1015,938
2775,BUFFER,-1015,814
3003,BUFFER,-917,794
3004,BUFFER,-838,786
3005,BUFFER,-765,776
3006,BUFFER,-693,767
3007,BUFFER,-615,758
3008,BUFFER,-543,750
3009,BUFFER,-465,739
3018,BUFFER,-993,799
3049,TRANSISTOR,-943,1019
3050,TRANSISTOR,-864,1018
3051,TRANSISTOR,-791,1016
3052,TRANSISTOR,-714,1016
3053,TRANSISTOR,-641,1017
3054,TRANSISTOR,-565,1015
3055,TRANSISTOR,-494,1015
3061,TRANSISTOR,-1018,1019
3063,BUFFER,-1043,967
3064,BUFFER,-969,967
3065,BUFFER,-889,965
3066,BUFFER,-816,964
3067,BUFFER,-739,965
3068,BUFFER,-667,964
3069,BUFFER,-591,964
3070,BUFFER,-519,967
3075,BUFFER,-993,1064
3078,BUFFER,-918,1068
3079,BUFFER,-839,1073
3080,BUFFER,-766,1077
3081,BUFFER,-691,1084
3082,BUFFER,-617,1090
3083,BUFFER,-541,1096
3084,BUFFER,-469,1103
3094,LED,-1081,965
3101,GATED LATCH,-634,2672
3102,GATED LATCH,-708,2673
3103,GATED LATCH,-557,2672
3104,GATED LATCH,-486,2672
3105,GATED LATCH,-407,2672
3106,GATED LATCH,-783,2672
3107,GATED LATCH,-860,2672
3108,GATED LATCH,-937,2672
3109,LED,-659,2607
3110,LED,-732,2607
3111,LED,-807,2607
3112,LED,-884,2609
3113,LED,-961,2610
3114,LED,-583,2608
3115,LED,-511,2608
3116,LED,-433,2607
3118,LED,-961,2731
3119,LED,-884,2732
3120,LED,-808,2731
3121,LED,-733,2732
3123,LED,-583,2733
3124,LED,-511,2731
3125,LED,-431,2730
3127,BUFFER,-899,2672
3128,BUFFER,-899,2716
3129,BUFFER,-960,2716
3130,BUFFER,-822,2672
3131,BUFFER,-822,2718
3132,BUFFER,-886,2717
3133,BUFFER,-808,2718
3134,BUFFER,-734,2719
3135,BUFFER,-659,2719
3136,BUFFER,-582,2719
3137,BUFFER,-511,2720
3138,BUFFER,-431,2719
3139,BUFFER,-746,2718
3140,BUFFER,-671,2717
3141,BUFFER,-596,2718
3142,BUFFER,-522,2718
3143,BUFFER,-447,2719
3144,BUFFER,-368,2672
3145,BUFFER,-368,2719
3146,BUFFER,-745,2672
3147,BUFFER,-671,2672
3148,BUFFER,-596,2671
3149,BUFFER,-521,2672
3150,BUFFER,-447,2672
3153,BUFFER,-431,2708
3154,BUFFER,-511,2708
3155,BUFFER,-582,2708
3156,BUFFER,-660,2709
3157,BUFFER,-733,2708
3158,BUFFER,-808,2707
3159,BUFFER,-885,2707
3160,BUFFER,-961,2708
3161,BUFFER,-341,2605
3162,BUFFER,-340,2730
3163,BUFFER,-983,2732
3164,BUFFER,-983,2608
3392,BUFFER,-885,2588
3393,BUFFER,-806,2580
3394,BUFFER,-733,2570
3395,BUFFER,-661,2561
3396,BUFFER,-583,2552
3397,BUFFER,-511,2544
3398,BUFFER,-433,2533
3407,BUFFER,-961,2593
3438,TRANSISTOR,-911,2813
3439,TRANSISTOR,-832,2812
3440,TRANSISTOR,-759,2810
3441,TRANSISTOR,-682,2810
3442,TRANSISTOR,-609,2811
3443,TRANSISTOR,-533,2809
3444,TRANSISTOR,-462,2809
3450,TRANSISTOR,-986,2813
3452,BUFFER,-1011,2761
3453,BUFFER,-937,2761
3454,BUFFER,-857,2759
3455,BUFFER,-784,2758
3456,BUFFER,-707,2759
3457,BUFFER,-635,2758
3458,BUFFER,-559,2758
3459,BUFFER,-487,2761
3464,BUFFER,-961,2858
3467,BUFFER,-886,2862
3468,BUFFER,-807,2867
3469,BUFFER,-734,2871
3470,BUFFER,-659,2878
3471,BUFFER,-585,2884
3472,BUFFER,-509,2890
3473,BUFFER,-437,2897
3483,LED,-1049,2759
3485,BUFFER,-199,-62
3486,BUFFER,24,-90
3487,BUFFER,-1178,-64
3488,BUFFER,-1208,-91
3489,BUFFER,1279,-92
3490,BUFFER,1236,-57
3497,BUFFER,-1217,869
3498,BUFFER,-1211,2663
3507,LED,583,411
3509,BUFFER,583,347
3510,BUFFER,582,472
3511,BUFFER,573,410
3512,BUFFER,572,448
3513,BUFFER,25,309
3514,BUFFER,-10,320
3515,BUFFER,-46,326
3516,BUFFER,-77,332
3517,BUFFER,25,610
3518,BUFFER,-11,606
3519,BUFFER,-45,600
3520,BUFFER,-79,597
3521,LED,581,497
3522,BUFFER,736,414
3523,BUFFER,736,497
3524,LED,899,946
3525,BUFFER,1028,856
3526,BUFFER,1028,946
3533,LED,-984,2671
3534,BUFFER,-970,2670
3535,BUFFER,-970,2707
3536,LED,-659,2731
3537,BUFFER,-1101,2670
3538,BUFFER,-1101,2760
3539,LED,-1016,875
3540,BUFFER,-1003,875
3541,BUFFER,-1002,914
3542,BUFFER,-1154,874
3543,BUFFER,-1153,967
3544,LED,232,3539
3545,LED,275,3539
3547,LED,313,3538
3548,LED,353,3539
3549,LED,388,3540
3550,LED,423,3540
3551,LED,464,3540
3552,LED,497,3540
3553,LED,535,3539
3554,LED,570,3539
3555,LED,602,3536
3556,LED,638,3536
3557,LED,680,3535
3558,LED,713,3533
3559,LED,749,3535
3560,LED,779,3535
3561,BUFFER,231,3566
3562,BUFFER,274,3579
3563,BUFFER,312,3592
3564,BUFFER,352,3605
3565,BUFFER,385,3616
3566,BUFFER,422,3627
3567,BUFFER,463,3640
3568,BUFFER,497,3652
3569,BUFFER,533,3663
3570,BUFFER,569,3675
3571,BUFFER,602,3686
3572,BUFFER,637,3697
3573,BUFFER,679,3706
3574,BUFFER,712,3717
3575,BUFFER,749,3728
3576,BUFFER,779,3740
3577,BUFFER,1281,3492
3578,BUFFER,777,3489
3579,BUFFER,747,3489
3580,BUFFER,711,3489
3581,BUFFER,679,3492
3582,BUFFER,637,3489
3583,BUFFER,601,3493
3584,BUFFER,568,3492
3585,BUFFER,534,3489
3586,BUFFER,497,3493
3587,BUFFER,461,3493
3588,BUFFER,421,3493
3589,BUFFER,386,3493
3590,BUFFER,350,3493
3591,BUFFER,312,3489
3592,BUFFER,272,3493
3593,BUFFER,233,3493
3594,BUFFER,1196,3739
3595,BUFFER,1165,3727
3596,BUFFER,1141,3716
3597,BUFFER,1112,3704
3598,BUFFER,1083,3696
3599,BUFFER,1060,3684
3600,BUFFER,1034,3675
3601,BUFFER,1012,3663
3602,BUFFER,992,3651
3603,BUFFER,969,3640
3604,BUFFER,-1199,3624
3605,BUFFER,-1224,3615
3606,BUFFER,-1247,3604
3607,BUFFER,-1265,3590
3608,BUFFER,-1284,3577
3609,BUFFER,-1306,3565
3610,BUFFER,1083,3120
3611,BUFFER,1059,2646
7014,BUFFER,970,2488
7015,BUFFER,993,2504
7016,BUFFER,1014,2518
7017,BUFFER,1032,2539
7018,BUFFER,1112,2561
7019,BUFFER,1137,2577
7020,BUFFER,1164,2593
7021,BUFFER,1191,2607
7022,BUFFER,4438,2485
7023,BUFFER,4463,2503
7024,BUFFER,4491,2519
7025,BUFFER,4520,2538
7026,BUFFER,4548,2559
7027,BUFFER,4573,2575
7028,BUFFER,4598,2591
7029,BUFFER,4623,2609
7030,BUFFER,4597,1072
7031,BUFFER,4574,1049
7032,BUFFER,4549,1032
7033,BUFFER,4465,1012
7034,BUFFER,4440,992
7035,BUFFER,1094,991
7036,BUFFER,1118,1006
7037,BUFFER,1139,1030
7038,BUFFER,1163,1048
7039,BUFFER,1190,1072
7040,BUFFER,1090,855
7041,BUFFER,1116,946
7042,BUFFER,1138,455
7043,BUFFER,1161,493
7044,BUFFER,1190,413
7045,BUFFER,1277,882
7046,BUFFER,4702,882
7047,BUFFER,4696,2706
7048,BUFFER,1283,2712
7049,BUFFER,24,717
7050,BUFFER,-10,727
7051,BUFFER,-44,737
7052,BUFFER,-80,748
7053,BUFFER,-122,756
7054,BUFFER,-153,764
7055,BUFFER,-194,774
7056,BUFFER,-228,779
7057,BUFFER,22,1084
7058,BUFFER,-7,1076
7059,BUFFER,-44,1070
7060,BUFFER,-78,1065
7061,BUFFER,-122,1055
7062,BUFFER,-153,1054
7063,BUFFER,-194,1047
7064,BUFFER,-228,1041
7066,BUFFER,20,2507
7067,BUFFER,-7,2517
7068,BUFFER,-44,2523
7069,BUFFER,-78,2532
7070,BUFFER,-121,2544
7071,BUFFER,-153,2552
7072,BUFFER,-194,2559
7073,BUFFER,-226,2567
7074,ALU,390,1620
7088,LED,491,1916
7095,LED,518,1916
7098,LED,546,1916
7103,LED,431,1916
7105,LED,406,1916
7106,LED,380,1917
7120,LED,492,1482
7127,LED,519,1482
7130,LED,547,1482
7135,LED,432,1482
7137,LED,407,1482
7138,LED,381,1483
7139,LED,218,1638
7140,LED,217,1662
7141,LED,217,1683
7142,LED,217,1705
7144,LED,217,1754
7147,LED,217,1729
7152,LED,216,1779
7155,LED,217,1609
7159,LED,571,1916
7160,LED,457,1915
7161,LED,571,1482
7162,LED,457,1481
7167,BUFFER,281,2740
7168,BUFFER,358,2748
7169,BUFFER,434,2759
7170,BUFFER,508,2772
7171,BUFFER,583,2783
7172,BUFFER,658,2797
7173,BUFFER,733,2806
7174,BUFFER,812,2819
7175,BUFFER,236,2817
7176,BUFFER,205,2806
7177,BUFFER,177,2797
7178,BUFFER,160,2781
7179,BUFFER,136,2772
7180,BUFFER,118,2757
7181,BUFFER,96,2748
7182,BUFFER,73,2740
7183,BUFFER,72,2277
7184,BUFFER,96,2291
7185,BUFFER,117,2306
7186,BUFFER,133,2318
7187,BUFFER,158,2342
7188,BUFFER,176,2351
7189,BUFFER,203,2363
7190,BUFFER,235,2379
7191,BUFFER,571,2380
7192,BUFFER,545,2362
7193,BUFFER,517,2349
7194,BUFFER,490,2340
7195,BUFFER,456,2317
7196,BUFFER,430,2303
7197,BUFFER,403,2289
7198,BUFFER,378,2275
