6,28,19,50,360,78,360,15
7,29,25,50,437,78,436,15
8,20,24,128,385,128,411,31
14,36,37,51,311,50,474,15
25,48,49,163,311,128,311,12
26,49,36,128,311,51,311,12
27,49,18,128,311,128,335,51
30,48,50,163,311,232,310,12
31,50,44,232,310,232,374,53
32,53,54,232,364,261,364,12
33,50,55,232,310,261,309,12
34,55,56,261,309,261,475,12
43,59,37,163,474,50,474,12
44,59,56,163,474,261,475,12
47,48,59,163,311,163,474,12
48,26,61,128,461,148,460,12
49,61,62,148,460,147,399,12
50,62,45,147,399,182,399,12
73,113,114,163,189,163,212,101
74,114,104,163,212,148,212,115
75,114,107,163,212,227,212,116
76,106,117,148,261,148,269,101
77,117,127,148,269,227,271,101
78,109,127,227,261,227,271,101
79,127,128,227,271,243,271,101
80,128,130,243,271,243,236,101
81,130,112,243,236,260,237,101
82,111,131,62,260,82,260,101
83,131,132,82,260,82,279,101
84,132,133,82,279,178,279,101
85,133,108,178,279,177,237,101
86,110,134,62,212,98,213,101
87,134,105,98,213,98,237,101
88,113,135,163,189,63,189,101
89,135,136,63,189,62,288,101
90,113,138,163,189,260,189,101
92,136,137,62,288,259,288,101
160,232,223,287,259,315,259,219
161,233,229,287,336,315,335,219
162,224,228,365,284,365,310,235
163,230,236,365,360,377,361,219
164,236,237,377,361,377,298,219
166,238,222,365,210,365,234,239
167,238,240,365,210,288,210,219
168,240,241,288,210,287,373,219
174,241,246,287,373,399,374,219
175,237,244,377,298,399,298,219
176,238,247,365,210,400,210,219
177,247,246,400,210,399,374,219
183,260,261,231,167,30,168,9
184,261,262,30,168,30,486,9
185,262,263,30,486,422,487,9
186,260,264,231,167,422,166,9
187,264,263,422,166,422,487,9
188,244,259,399,298,422,298,9
189,260,265,231,167,230,179,9
190,265,266,230,179,163,179,9
191,266,113,163,179,163,189,9
192,265,268,230,179,274,180,9
194,269,271,273,300,163,300,9
195,271,48,163,300,163,311,9
196,268,267,274,180,364,180,9
197,267,238,364,180,365,210,9
198,258,283,30,322,43,322,9
199,283,284,43,322,44,261,9
200,284,111,44,261,62,260,9
201,283,280,43,322,42,437,9
202,280,29,42,437,50,437,9
203,277,28,38,360,50,360,9
204,257,272,30,279,39,279,9
205,272,277,39,279,38,360,9
206,272,273,39,279,39,212,9
207,273,110,39,212,62,212,9
208,54,285,261,364,274,363,9
209,285,286,274,363,274,336,9
210,286,233,274,336,287,336,9
212,138,137,260,189,259,288,9
213,268,269,274,180,273,300,9
214,112,288,260,237,280,238,9
215,288,289,280,238,279,260,9
216,289,232,279,260,287,259,9
220,309,300,502,360,530,360,296
221,310,306,502,437,530,436,296
222,301,305,580,385,580,411,312
228,317,318,503,311,502,474,296
239,329,330,615,311,580,311,293
240,330,317,580,311,503,311,293
241,330,299,580,311,580,335,332
244,329,331,615,311,684,310,293
245,331,325,684,310,684,374,334
246,334,335,684,364,713,364,293
247,331,336,684,310,713,309,293
248,336,337,713,309,713,475,293
257,340,318,615,474,502,474,293
258,340,337,615,474,713,475,293
261,329,340,615,311,615,474,293
262,307,342,580,461,600,460,293
263,342,343,600,460,599,399,293
264,343,326,599,399,634,399,293
287,394,395,615,189,615,212,382
288,395,385,615,212,600,212,396
289,395,388,615,212,679,212,397
290,387,398,600,261,600,269,382
291,398,408,600,269,679,271,382
292,390,408,679,261,679,271,382
293,408,409,679,271,695,271,382
294,409,411,695,271,695,236,382
295,411,393,695,236,712,237,382
296,392,412,514,260,534,260,382
297,412,413,534,260,534,279,382
298,413,414,534,279,630,279,382
299,414,389,630,279,629,237,382
300,391,415,514,212,550,213,382
301,415,386,550,213,550,237,382
302,394,416,615,189,515,189,382
303,416,417,515,189,514,288,382
304,394,419,615,189,712,189,382
306,417,418,514,288,711,288,382
374,513,504,739,259,767,259,500
375,514,510,739,336,767,335,500
376,505,509,817,284,817,310,516
377,511,517,817,360,829,361,500
378,517,518,829,361,829,298,500
380,519,503,817,210,817,234,520
381,519,521,817,210,740,210,500
382,521,522,740,210,739,373,500
388,522,527,739,373,851,374,500
389,518,525,829,298,851,298,500
390,519,528,817,210,852,210,500
391,528,527,852,210,851,374,500
397,541,542,683,167,482,168,290
398,542,543,482,168,482,486,290
399,543,544,482,486,874,487,290
400,541,545,683,167,874,166,290
401,545,544,874,166,874,487,290
402,525,540,851,298,874,298,290
403,541,546,683,167,682,179,290
404,546,547,682,179,615,179,290
405,547,394,615,179,615,189,290
406,546,549,682,179,726,180,290
408,550,552,725,300,615,300,290
409,552,329,615,300,615,311,290
410,549,548,726,180,816,180,290
411,548,519,816,180,817,210,290
412,539,564,482,322,495,322,290
413,564,565,495,322,496,261,290
414,565,392,496,261,514,260,290
415,564,561,495,322,494,437,290
416,561,310,494,437,502,437,290
417,558,309,490,360,502,360,290
418,538,553,482,279,491,279,290
419,553,558,491,279,490,360,290
420,553,554,491,279,491,212,290
421,554,391,491,212,514,212,290
422,335,566,713,364,726,363,290
423,566,567,726,363,726,336,290
424,567,514,726,336,739,336,290
426,419,418,712,189,711,288,290
427,549,550,726,180,725,300,290
428,393,569,712,237,732,238,290
429,569,570,732,238,731,260,290
430,570,513,731,260,739,259,290
432,587,578,43,556,71,556,574
433,588,584,43,633,71,632,574
434,579,583,121,581,121,607,590
435,585,591,121,657,133,658,574
436,591,592,133,658,133,595,574
438,593,577,121,507,121,531,594
439,593,595,121,507,44,507,574
440,595,596,44,507,43,670,574
446,596,601,43,670,155,671,574
447,592,599,133,595,155,595,574
448,593,602,121,507,156,507,574
449,602,601,156,507,155,671,574
451,616,607,442,555,470,555,603
452,617,613,442,632,470,631,603
453,608,612,520,580,520,606,619
454,614,620,520,656,532,657,603
455,620,621,532,657,532,594,603
457,622,606,520,506,520,530,623
458,622,624,520,506,443,506,603
459,624,625,443,506,442,669,603
465,625,630,442,669,554,670,603
466,621,628,532,594,554,594,603
467,622,631,520,506,555,506,603
468,631,630,555,506,554,670,603
470,644,645,684,545,684,568,632
471,645,635,684,568,669,568,646
472,645,638,684,568,748,568,647
473,637,648,669,617,669,625,632
474,648,658,669,625,748,627,632
475,640,658,748,617,748,627,632
476,658,659,748,627,764,627,632
477,659,661,764,627,764,592,632
478,661,643,764,592,781,593,632
479,642,662,583,616,603,616,632
480,662,663,603,616,603,635,632
481,663,664,603,635,699,635,632
482,664,639,699,635,698,593,632
483,641,665,583,568,619,569,632
484,665,636,619,569,619,593,632
485,644,666,684,545,584,545,632
486,666,667,584,545,583,644,632
487,644,669,684,545,781,545,632
488,669,668,781,545,780,644,632
489,667,668,583,644,780,644,632
490,672,673,452,139,-33,136,6
491,673,674,-33,136,-34,703,6
492,674,675,-34,703,914,703,6
493,672,676,452,139,914,138,6
494,676,675,914,138,914,703,6
495,573,680,-34,538,-11,538,6
496,680,679,-11,538,-12,689,6
497,679,678,-12,689,402,689,6
498,678,677,402,689,403,632,6
499,677,617,403,632,442,632,6
501,683,682,404,497,465,497,6
502,677,683,403,632,404,497,6
503,682,681,465,497,465,322,6
504,681,539,465,322,482,322,6
505,571,684,-34,449,-10,449,6
506,684,685,-10,449,-10,279,6
507,685,257,-10,279,30,279,6
508,684,686,-10,449,7,449,6
509,686,687,7,449,8,633,6
510,687,588,8,633,43,633,6
511,572,688,-34,494,15,495,6
512,688,689,15,495,15,324,6
513,689,258,15,324,30,322,6
514,688,690,15,495,16,555,6
515,690,587,16,555,43,556,6
517,691,692,463,300,463,278,6
518,692,538,463,278,482,279,6
522,259,695,422,298,444,300,6
523,695,691,444,300,463,300,6
524,695,696,444,300,443,472,6
525,696,697,443,472,430,472,6
526,697,693,430,472,430,555,6
527,693,616,430,555,442,555,6
528,540,698,874,298,895,298,6
529,698,699,895,298,896,472,6
530,699,670,896,472,915,472,6
531,628,700,554,594,568,595,6
532,700,701,568,595,568,569,6
533,701,641,568,569,583,568,6
534,599,702,155,595,419,596,6
535,702,703,419,596,419,688,6
536,703,704,419,688,567,689,6
537,704,705,567,689,568,616,6
538,705,642,568,616,583,616,6
539,643,706,781,593,895,593,6
540,706,707,895,593,896,518,6
541,707,671,896,518,915,517,6
542,672,708,452,139,451,153,3
543,708,709,451,153,231,153,3
544,709,260,231,153,231,167,3
545,708,710,451,153,682,153,3
546,710,541,682,153,683,167,3
547,710,711,682,153,886,153,3
548,711,712,886,153,885,498,3
549,712,713,885,498,683,498,3
550,713,644,683,498,684,545,3
551,713,714,683,498,519,496,3
552,714,622,519,496,520,506,3
553,712,715,885,498,884,695,3
554,715,716,884,695,173,695,3
555,716,717,173,695,174,496,3
556,717,718,174,496,121,495,3
557,718,593,121,495,121,507,3
563,744,735,1384,366,1412,366,731
564,745,741,1384,443,1412,442,731
565,736,740,1462,391,1462,417,747
571,752,753,1385,317,1384,480,731
582,764,765,1497,317,1462,317,728
583,765,752,1462,317,1385,317,728
584,765,734,1462,317,1462,341,767
587,764,766,1497,317,1566,316,728
588,766,760,1566,316,1566,380,769
589,769,770,1566,370,1595,370,728
590,766,771,1566,316,1595,315,728
591,771,772,1595,315,1595,481,728
600,775,753,1497,480,1384,480,728
601,775,772,1497,480,1595,481,728
604,764,775,1497,317,1497,480,728
605,742,777,1462,467,1482,466,728
606,777,778,1482,466,1481,405,728
607,778,761,1481,405,1516,405,728
630,829,830,1497,195,1497,218,817
631,830,820,1497,218,1482,218,831
632,830,823,1497,218,1561,218,832
633,822,833,1482,267,1482,275,817
634,833,843,1482,275,1561,277,817
635,825,843,1561,267,1561,277,817
636,843,844,1561,277,1577,277,817
637,844,846,1577,277,1577,242,817
638,846,828,1577,242,1594,243,817
639,827,847,1396,266,1416,266,817
640,847,848,1416,266,1416,285,817
641,848,849,1416,285,1512,285,817
642,849,824,1512,285,1511,243,817
643,826,850,1396,218,1432,219,817
644,850,821,1432,219,1432,243,817
645,829,851,1497,195,1397,195,817
646,851,852,1397,195,1396,294,817
647,829,854,1497,195,1594,195,817
649,852,853,1396,294,1593,294,817
717,948,939,1621,265,1649,265,935
718,949,945,1621,342,1649,341,935
719,940,944,1699,290,1699,316,951
720,946,952,1699,366,1711,367,935
721,952,953,1711,367,1711,304,935
723,954,938,1699,216,1699,240,955
724,954,956,1699,216,1622,216,935
725,956,957,1622,216,1621,379,935
731,957,962,1621,379,1733,380,935
732,953,960,1711,304,1733,304,935
733,954,963,1699,216,1734,216,935
734,963,962,1734,216,1733,380,935
740,976,977,1565,173,1364,174,725
741,977,978,1364,174,1364,492,725
742,978,979,1364,492,1756,493,725
743,976,980,1565,173,1756,172,725
744,980,979,1756,172,1756,493,725
745,960,975,1733,304,1756,304,725
746,976,981,1565,173,1564,185,725
747,981,982,1564,185,1497,185,725
748,982,829,1497,185,1497,195,725
749,981,984,1564,185,1608,186,725
751,985,987,1607,306,1497,306,725
752,987,764,1497,306,1497,317,725
753,984,983,1608,186,1698,186,725
754,983,954,1698,186,1699,216,725
755,974,999,1364,328,1377,328,725
756,999,1000,1377,328,1378,267,725
757,1000,827,1378,267,1396,266,725
758,999,996,1377,328,1376,443,725
759,996,745,1376,443,1384,443,725
760,993,744,1372,366,1384,366,725
761,973,988,1364,285,1373,285,725
762,988,993,1373,285,1372,366,725
763,988,989,1373,285,1373,218,725
764,989,826,1373,218,1396,218,725
765,770,1001,1595,370,1608,369,725
766,1001,1002,1608,369,1608,342,725
767,1002,949,1608,342,1621,342,725
769,854,853,1594,195,1593,294,725
770,984,985,1608,186,1607,306,725
771,828,1004,1594,243,1614,244,725
772,1004,1005,1614,244,1613,266,725
773,1005,948,1613,266,1621,265,725
777,1025,1016,1836,366,1864,366,1012
778,1026,1022,1836,443,1864,442,1012
779,1017,1021,1914,391,1914,417,1028
785,1033,1034,1837,317,1836,480,1012
796,1045,1046,1949,317,1914,317,1009
797,1046,1033,1914,317,1837,317,1009
798,1046,1015,1914,317,1914,341,1048
801,1045,1047,1949,317,2018,316,1009
802,1047,1041,2018,316,2018,380,1050
803,1050,1051,2018,370,2047,370,1009
804,1047,1052,2018,316,2047,315,1009
805,1052,1053,2047,315,2047,481,1009
814,1056,1034,1949,480,1836,480,1009
815,1056,1053,1949,480,2047,481,1009
818,1045,1056,1949,317,1949,480,1009
819,1023,1058,1914,467,1934,466,1009
820,1058,1059,1934,466,1933,405,1009
821,1059,1042,1933,405,1968,405,1009
844,1110,1111,1949,195,1949,218,1098
845,1111,1101,1949,218,1934,218,1112
846,1111,1104,1949,218,2013,218,1113
847,1103,1114,1934,267,1934,275,1098
848,1114,1124,1934,275,2013,277,1098
849,1106,1124,2013,267,2013,277,1098
850,1124,1125,2013,277,2029,277,1098
851,1125,1127,2029,277,2029,242,1098
852,1127,1109,2029,242,2046,243,1098
853,1108,1128,1848,266,1868,266,1098
854,1128,1129,1868,266,1868,285,1098
855,1129,1130,1868,285,1964,285,1098
856,1130,1105,1964,285,1963,243,1098
857,1107,1131,1848,218,1884,219,1098
858,1131,1102,1884,219,1884,243,1098
859,1110,1132,1949,195,1849,195,1098
860,1132,1133,1849,195,1848,294,1098
861,1110,1135,1949,195,2046,195,1098
863,1133,1134,1848,294,2045,294,1098
931,1229,1220,2073,265,2101,265,1216
932,1230,1226,2073,342,2101,341,1216
933,1221,1225,2151,290,2151,316,1232
934,1227,1233,2151,366,2163,367,1216
935,1233,1234,2163,367,2163,304,1216
937,1235,1219,2151,216,2151,240,1236
938,1235,1237,2151,216,2074,216,1216
939,1237,1238,2074,216,2073,379,1216
945,1238,1243,2073,379,2185,380,1216
946,1234,1241,2163,304,2185,304,1216
947,1235,1244,2151,216,2186,216,1216
948,1244,1243,2186,216,2185,380,1216
954,1257,1258,2017,173,1816,174,1006
955,1258,1259,1816,174,1816,492,1006
956,1259,1260,1816,492,2208,493,1006
957,1257,1261,2017,173,2208,172,1006
958,1261,1260,2208,172,2208,493,1006
959,1241,1256,2185,304,2208,304,1006
960,1257,1262,2017,173,2016,185,1006
961,1262,1263,2016,185,1949,185,1006
962,1263,1110,1949,185,1949,195,1006
963,1262,1265,2016,185,2060,186,1006
965,1266,1268,2059,306,1949,306,1006
966,1268,1045,1949,306,1949,317,1006
967,1265,1264,2060,186,2150,186,1006
968,1264,1235,2150,186,2151,216,1006
969,1255,1280,1816,328,1829,328,1006
970,1280,1281,1829,328,1830,267,1006
971,1281,1108,1830,267,1848,266,1006
972,1280,1277,1829,328,1828,443,1006
973,1277,1026,1828,443,1836,443,1006
974,1274,1025,1824,366,1836,366,1006
975,1254,1269,1816,285,1825,285,1006
976,1269,1274,1825,285,1824,366,1006
977,1269,1270,1825,285,1825,218,1006
978,1270,1107,1825,218,1848,218,1006
979,1051,1282,2047,370,2060,369,1006
980,1282,1283,2060,369,2060,342,1006
981,1283,1230,2060,342,2073,342,1006
983,1135,1134,2046,195,2045,294,1006
984,1265,1266,2060,186,2059,306,1006
985,1109,1285,2046,243,2066,244,1006
986,1285,1286,2066,244,2065,266,1006
987,1286,1229,2065,266,2073,265,1006
989,1303,1294,1377,562,1405,562,1290
990,1304,1300,1377,639,1405,638,1290
991,1295,1299,1455,587,1455,613,1306
992,1301,1307,1455,663,1467,664,1290
993,1307,1308,1467,664,1467,601,1290
995,1309,1293,1455,513,1455,537,1310
996,1309,1311,1455,513,1378,513,1290
997,1311,1312,1378,513,1377,676,1290
1003,1312,1317,1377,676,1489,677,1290
1004,1308,1315,1467,601,1489,601,1290
1005,1309,1318,1455,513,1490,513,1290
1006,1318,1317,1490,513,1489,677,1290
1008,1332,1323,1776,561,1804,561,1319
1009,1333,1329,1776,638,1804,637,1319
1010,1324,1328,1854,586,1854,612,1335
1011,1330,1336,1854,662,1866,663,1319
1012,1336,1337,1866,663,1866,600,1319
1014,1338,1322,1854,512,1854,536,1339
1015,1338,1340,1854,512,1777,512,1319
1016,1340,1341,1777,512,1776,675,1319
1022,1341,1346,1776,675,1888,676,1319
1023,1337,1344,1866,600,1888,600,1319
1024,1338,1347,1854,512,1889,512,1319
1025,1347,1346,1889,512,1888,676,1319
1027,1360,1361,2018,551,2018,574,1348
1028,1361,1351,2018,574,2003,574,1362
1029,1361,1354,2018,574,2082,574,1363
1030,1353,1364,2003,623,2003,631,1348
1031,1364,1374,2003,631,2082,633,1348
1032,1356,1374,2082,623,2082,633,1348
1033,1374,1375,2082,633,2098,633,1348
1034,1375,1377,2098,633,2098,598,1348
1035,1377,1359,2098,598,2115,599,1348
1036,1358,1378,1917,622,1937,622,1348
1037,1378,1379,1937,622,1937,641,1348
1038,1379,1380,1937,641,2033,641,1348
1039,1380,1355,2033,641,2032,599,1348
1040,1357,1381,1917,574,1953,575,1348
1041,1381,1352,1953,575,1953,599,1348
1042,1360,1382,2018,551,1918,551,1348
1043,1382,1383,1918,551,1917,650,1348
1044,1360,1385,2018,551,2115,551,1348
1045,1385,1384,2115,551,2114,650,1348
1046,1383,1384,1917,650,2114,650,1348
1047,1388,1389,1786,145,1301,142,722
1048,1389,1390,1301,142,1300,709,722
1049,1390,1391,1300,709,2248,709,722
1050,1388,1392,1786,145,2248,144,722
1051,1392,1391,2248,144,2248,709,722
1052,1289,1396,1300,544,1323,544,722
1053,1396,1395,1323,544,1322,695,722
1054,1395,1394,1322,695,1736,695,722
1055,1394,1393,1736,695,1737,638,722
1056,1393,1333,1737,638,1776,638,722
1058,1399,1398,1738,503,1799,503,722
1059,1393,1399,1737,638,1738,503,722
1060,1398,1397,1799,503,1799,328,722
1061,1397,1255,1799,328,1816,328,722
1062,1287,1400,1300,455,1324,455,722
1063,1400,1401,1324,455,1324,285,722
1064,1401,973,1324,285,1364,285,722
1065,1400,1402,1324,455,1341,455,722
1066,1402,1403,1341,455,1342,639,722
1067,1403,1304,1342,639,1377,639,722
1068,1288,1404,1300,500,1349,501,722
1069,1404,1405,1349,501,1349,330,722
1070,1405,974,1349,330,1364,328,722
1071,1404,1406,1349,501,1350,561,722
1072,1406,1303,1350,561,1377,562,722
1074,1407,1408,1797,306,1797,284,722
1075,1408,1254,1797,284,1816,285,722
1079,975,1411,1756,304,1778,306,722
1080,1411,1407,1778,306,1797,306,722
1081,1411,1412,1778,306,1777,478,722
1082,1412,1413,1777,478,1764,478,722
1083,1413,1409,1764,478,1764,561,722
1084,1409,1332,1764,561,1776,561,722
1085,1256,1414,2208,304,2229,304,722
1086,1414,1415,2229,304,2230,478,722
1087,1415,1386,2230,478,2249,478,722
1088,1344,1416,1888,600,1902,601,722
1089,1416,1417,1902,601,1902,575,722
1090,1417,1357,1902,575,1917,574,722
1091,1315,1418,1489,601,1753,602,722
1092,1418,1419,1753,602,1753,694,722
1093,1419,1420,1753,694,1901,695,722
1094,1420,1421,1901,695,1902,622,722
1095,1421,1358,1902,622,1917,622,722
1096,1359,1422,2115,599,2229,599,722
1097,1422,1423,2229,599,2230,524,722
1098,1423,1387,2230,524,2249,523,722
1099,1388,1424,1786,145,1785,159,719
1100,1424,1425,1785,159,1565,159,719
1101,1425,976,1565,159,1565,173,719
1102,1424,1426,1785,159,2016,159,719
1103,1426,1257,2016,159,2017,173,719
1104,1426,1427,2016,159,2220,159,719
1105,1427,1428,2220,159,2219,504,719
1106,1428,1429,2219,504,2017,504,719
1107,1429,1360,2017,504,2018,551,719
1108,1429,1430,2017,504,1853,502,719
1109,1430,1338,1853,502,1854,512,719
1110,1428,1431,2219,504,2218,701,719
1111,1431,1432,2218,701,1507,701,719
1112,1432,1433,1507,701,1508,502,719
1113,1433,1434,1508,502,1455,501,719
1114,1434,1309,1455,501,1455,513,719
1120,1460,1451,71,1184,99,1184,1447
1121,1461,1457,71,1261,99,1260,1447
1122,1452,1456,149,1209,149,1235,1463
1128,1468,1469,72,1135,71,1298,1447
1139,1480,1481,184,1135,149,1135,1444
1140,1481,1468,149,1135,72,1135,1444
1141,1481,1450,149,1135,149,1159,1483
1144,1480,1482,184,1135,253,1134,1444
1145,1482,1476,253,1134,253,1198,1485
1146,1485,1486,253,1188,282,1188,1444
1147,1482,1487,253,1134,282,1133,1444
1148,1487,1488,282,1133,282,1299,1444
1157,1491,1469,184,1298,71,1298,1444
1158,1491,1488,184,1298,282,1299,1444
1161,1480,1491,184,1135,184,1298,1444
1162,1458,1493,149,1285,169,1284,1444
1163,1493,1494,169,1284,168,1223,1444
1164,1494,1477,168,1223,203,1223,1444
1187,1545,1546,184,1013,184,1036,1533
1188,1546,1536,184,1036,169,1036,1547
1189,1546,1539,184,1036,248,1036,1548
1190,1538,1549,169,1085,169,1093,1533
1191,1549,1559,169,1093,248,1095,1533
1192,1541,1559,248,1085,248,1095,1533
1193,1559,1560,248,1095,264,1095,1533
1194,1560,1562,264,1095,264,1060,1533
1195,1562,1544,264,1060,281,1061,1533
1196,1543,1563,83,1084,103,1084,1533
1197,1563,1564,103,1084,103,1103,1533
1198,1564,1565,103,1103,199,1103,1533
1199,1565,1540,199,1103,198,1061,1533
1200,1542,1566,83,1036,119,1037,1533
1201,1566,1537,119,1037,119,1061,1533
1202,1545,1567,184,1013,84,1013,1533
1203,1567,1568,84,1013,83,1112,1533
1204,1545,1570,184,1013,281,1013,1533
1206,1568,1569,83,1112,280,1112,1533
1274,1664,1655,308,1083,336,1083,1651
1275,1665,1661,308,1160,336,1159,1651
1276,1656,1660,386,1108,386,1134,1667
1277,1662,1668,386,1184,398,1185,1651
1278,1668,1669,398,1185,398,1122,1651
1280,1670,1654,386,1034,386,1058,1671
1281,1670,1672,386,1034,309,1034,1651
1282,1672,1673,309,1034,308,1197,1651
1288,1673,1678,308,1197,420,1198,1651
1289,1669,1676,398,1122,420,1122,1651
1290,1670,1679,386,1034,421,1034,1651
1291,1679,1678,421,1034,420,1198,1651
1297,1692,1693,252,991,51,992,1441
1298,1693,1694,51,992,51,1310,1441
1299,1694,1695,51,1310,443,1311,1441
1300,1692,1696,252,991,443,990,1441
1301,1696,1695,443,990,443,1311,1441
1302,1676,1691,420,1122,443,1122,1441
1303,1692,1697,252,991,251,1003,1441
1304,1697,1698,251,1003,184,1003,1441
1305,1698,1545,184,1003,184,1013,1441
1306,1697,1700,251,1003,295,1004,1441
1308,1701,1703,294,1124,184,1124,1441
1309,1703,1480,184,1124,184,1135,1441
1310,1700,1699,295,1004,385,1004,1441
1311,1699,1670,385,1004,386,1034,1441
1312,1690,1715,51,1146,64,1146,1441
1313,1715,1716,64,1146,65,1085,1441
1314,1716,1543,65,1085,83,1084,1441
1315,1715,1712,64,1146,63,1261,1441
1316,1712,1461,63,1261,71,1261,1441
1317,1709,1460,59,1184,71,1184,1441
1318,1689,1704,51,1103,60,1103,1441
1319,1704,1709,60,1103,59,1184,1441
1320,1704,1705,60,1103,60,1036,1441
1321,1705,1542,60,1036,83,1036,1441
1322,1486,1717,282,1188,295,1187,1441
1323,1717,1718,295,1187,295,1160,1441
1324,1718,1665,295,1160,308,1160,1441
1326,1570,1569,281,1013,280,1112,1441
1327,1700,1701,295,1004,294,1124,1441
1328,1544,1720,281,1061,301,1062,1441
1329,1720,1721,301,1062,300,1084,1441
1330,1721,1664,300,1084,308,1083,1441
1334,1741,1732,523,1184,551,1184,1728
1335,1742,1738,523,1261,551,1260,1728
1336,1733,1737,601,1209,601,1235,1744
1342,1749,1750,524,1135,523,1298,1728
1353,1761,1762,636,1135,601,1135,1725
1354,1762,1749,601,1135,524,1135,1725
1355,1762,1731,601,1135,601,1159,1764
1358,1761,1763,636,1135,705,1134,1725
1359,1763,1757,705,1134,705,1198,1766
1360,1766,1767,705,1188,734,1188,1725
1361,1763,1768,705,1134,734,1133,1725
1362,1768,1769,734,1133,734,1299,1725
1371,1772,1750,636,1298,523,1298,1725
1372,1772,1769,636,1298,734,1299,1725
1375,1761,1772,636,1135,636,1298,1725
1376,1739,1774,601,1285,621,1284,1725
1377,1774,1775,621,1284,620,1223,1725
1378,1775,1758,620,1223,655,1223,1725
1401,1826,1827,636,1013,636,1036,1814
1402,1827,1817,636,1036,621,1036,1828
1403,1827,1820,636,1036,700,1036,1829
1404,1819,1830,621,1085,621,1093,1814
1405,1830,1840,621,1093,700,1095,1814
1406,1822,1840,700,1085,700,1095,1814
1407,1840,1841,700,1095,716,1095,1814
1408,1841,1843,716,1095,716,1060,1814
1409,1843,1825,716,1060,733,1061,1814
1410,1824,1844,535,1084,555,1084,1814
1411,1844,1845,555,1084,555,1103,1814
1412,1845,1846,555,1103,651,1103,1814
1413,1846,1821,651,1103,650,1061,1814
1414,1823,1847,535,1036,571,1037,1814
1415,1847,1818,571,1037,571,1061,1814
1416,1826,1848,636,1013,536,1013,1814
1417,1848,1849,536,1013,535,1112,1814
1418,1826,1851,636,1013,733,1013,1814
1420,1849,1850,535,1112,732,1112,1814
1488,1945,1936,760,1083,788,1083,1932
1489,1946,1942,760,1160,788,1159,1932
1490,1937,1941,838,1108,838,1134,1948
1491,1943,1949,838,1184,850,1185,1932
1492,1949,1950,850,1185,850,1122,1932
1494,1951,1935,838,1034,838,1058,1952
1495,1951,1953,838,1034,761,1034,1932
1496,1953,1954,761,1034,760,1197,1932
1502,1954,1959,760,1197,872,1198,1932
1503,1950,1957,850,1122,872,1122,1932
1504,1951,1960,838,1034,873,1034,1932
1505,1960,1959,873,1034,872,1198,1932
1511,1973,1974,704,991,503,992,1722
1512,1974,1975,503,992,503,1310,1722
1513,1975,1976,503,1310,895,1311,1722
1514,1973,1977,704,991,895,990,1722
1515,1977,1976,895,990,895,1311,1722
1516,1957,1972,872,1122,895,1122,1722
1517,1973,1978,704,991,703,1003,1722
1518,1978,1979,703,1003,636,1003,1722
1519,1979,1826,636,1003,636,1013,1722
1520,1978,1981,703,1003,747,1004,1722
1522,1982,1984,746,1124,636,1124,1722
1523,1984,1761,636,1124,636,1135,1722
1524,1981,1980,747,1004,837,1004,1722
1525,1980,1951,837,1004,838,1034,1722
1526,1971,1996,503,1146,516,1146,1722
1527,1996,1997,516,1146,517,1085,1722
1528,1997,1824,517,1085,535,1084,1722
1529,1996,1993,516,1146,515,1261,1722
1530,1993,1742,515,1261,523,1261,1722
1531,1990,1741,511,1184,523,1184,1722
1532,1970,1985,503,1103,512,1103,1722
1533,1985,1990,512,1103,511,1184,1722
1534,1985,1986,512,1103,512,1036,1722
1535,1986,1823,512,1036,535,1036,1722
1536,1767,1998,734,1188,747,1187,1722
1537,1998,1999,747,1187,747,1160,1722
1538,1999,1946,747,1160,760,1160,1722
1540,1851,1850,733,1013,732,1112,1722
1541,1981,1982,747,1004,746,1124,1722
1542,1825,2001,733,1061,753,1062,1722
1543,2001,2002,753,1062,752,1084,1722
1544,2002,1945,752,1084,760,1083,1722
1546,2019,2010,64,1380,92,1380,2006
1547,2020,2016,64,1457,92,1456,2006
1548,2011,2015,142,1405,142,1431,2022
1549,2017,2023,142,1481,154,1482,2006
1550,2023,2024,154,1482,154,1419,2006
1552,2025,2009,142,1331,142,1355,2026
1553,2025,2027,142,1331,65,1331,2006
1554,2027,2028,65,1331,64,1494,2006
1560,2028,2033,64,1494,176,1495,2006
1561,2024,2031,154,1419,176,1419,2006
1562,2025,2034,142,1331,177,1331,2006
1563,2034,2033,177,1331,176,1495,2006
1565,2048,2039,463,1379,491,1379,2035
1566,2049,2045,463,1456,491,1455,2035
1567,2040,2044,541,1404,541,1430,2051
1568,2046,2052,541,1480,553,1481,2035
1569,2052,2053,553,1481,553,1418,2035
1571,2054,2038,541,1330,541,1354,2055
1572,2054,2056,541,1330,464,1330,2035
1573,2056,2057,464,1330,463,1493,2035
1579,2057,2062,463,1493,575,1494,2035
1580,2053,2060,553,1418,575,1418,2035
1581,2054,2063,541,1330,576,1330,2035
1582,2063,2062,576,1330,575,1494,2035
1584,2076,2077,705,1369,705,1392,2064
1585,2077,2067,705,1392,690,1392,2078
1586,2077,2070,705,1392,769,1392,2079
1587,2069,2080,690,1441,690,1449,2064
1588,2080,2090,690,1449,769,1451,2064
1589,2072,2090,769,1441,769,1451,2064
1590,2090,2091,769,1451,785,1451,2064
1591,2091,2093,785,1451,785,1416,2064
1592,2093,2075,785,1416,802,1417,2064
1593,2074,2094,604,1440,624,1440,2064
1594,2094,2095,624,1440,624,1459,2064
1595,2095,2096,624,1459,720,1459,2064
1596,2096,2071,720,1459,719,1417,2064
1597,2073,2097,604,1392,640,1393,2064
1598,2097,2068,640,1393,640,1417,2064
1599,2076,2098,705,1369,605,1369,2064
1600,2098,2099,605,1369,604,1468,2064
1601,2076,2101,705,1369,802,1369,2064
1602,2101,2100,802,1369,801,1468,2064
1603,2099,2100,604,1468,801,1468,2064
1604,2104,2105,473,963,-12,960,1438
1605,2105,2106,-12,960,-13,1527,1438
1606,2106,2107,-13,1527,935,1527,1438
1607,2104,2108,473,963,935,962,1438
1608,2108,2107,935,962,935,1527,1438
1609,2005,2112,-13,1362,10,1362,1438
1610,2112,2111,10,1362,9,1513,1438
1611,2111,2110,9,1513,423,1513,1438
1612,2110,2109,423,1513,424,1456,1438
1613,2109,2049,424,1456,463,1456,1438
1615,2115,2114,425,1321,486,1321,1438
1616,2109,2115,424,1456,425,1321,1438
1617,2114,2113,486,1321,486,1146,1438
1618,2113,1971,486,1146,503,1146,1438
1619,2003,2116,-13,1273,11,1273,1438
1620,2116,2117,11,1273,11,1103,1438
1621,2117,1689,11,1103,51,1103,1438
1622,2116,2118,11,1273,28,1273,1438
1623,2118,2119,28,1273,29,1457,1438
1624,2119,2020,29,1457,64,1457,1438
1625,2004,2120,-13,1318,36,1319,1438
1626,2120,2121,36,1319,36,1148,1438
1627,2121,1690,36,1148,51,1146,1438
1628,2120,2122,36,1319,37,1379,1438
1629,2122,2019,37,1379,64,1380,1438
1631,2123,2124,484,1124,484,1102,1438
1632,2124,1970,484,1102,503,1103,1438
1636,1691,2127,443,1122,465,1124,1438
1637,2127,2123,465,1124,484,1124,1438
1638,2127,2128,465,1124,464,1296,1438
1639,2128,2129,464,1296,451,1296,1438
1640,2129,2125,451,1296,451,1379,1438
1641,2125,2048,451,1379,463,1379,1438
1642,1972,2130,895,1122,916,1122,1438
1643,2130,2131,916,1122,917,1296,1438
1644,2131,2102,917,1296,936,1296,1438
1645,2060,2132,575,1418,589,1419,1438
1646,2132,2133,589,1419,589,1393,1438
1647,2133,2073,589,1393,604,1392,1438
1648,2031,2134,176,1419,440,1420,1438
1649,2134,2135,440,1420,440,1512,1438
1650,2135,2136,440,1512,588,1513,1438
1651,2136,2137,588,1513,589,1440,1438
1652,2137,2074,589,1440,604,1440,1438
1653,2075,2138,802,1417,916,1417,1438
1654,2138,2139,916,1417,917,1342,1438
1655,2139,2103,917,1342,936,1341,1438
1656,2104,2140,473,963,472,977,1435
1657,2140,2141,472,977,252,977,1435
1658,2141,1692,252,977,252,991,1435
1659,2140,2142,472,977,703,977,1435
1660,2142,1973,703,977,704,991,1435
1661,2142,2143,703,977,907,977,1435
1662,2143,2144,907,977,906,1322,1435
1663,2144,2145,906,1322,704,1322,1435
1664,2145,2076,704,1322,705,1369,1435
1665,2145,2146,704,1322,540,1320,1435
1666,2146,2054,540,1320,541,1330,1435
1667,2144,2147,906,1322,905,1519,1435
1668,2147,2148,905,1519,194,1519,1435
1669,2148,2149,194,1519,195,1320,1435
1670,2149,2150,195,1320,142,1319,1435
1671,2150,2025,142,1319,142,1331,1435
1677,2176,2167,1374,1169,1402,1169,2163
1678,2177,2173,1374,1246,1402,1245,2163
1679,2168,2172,1452,1194,1452,1220,2179
1685,2184,2185,1375,1120,1374,1283,2163
1696,2196,2197,1487,1120,1452,1120,2160
1697,2197,2184,1452,1120,1375,1120,2160
1698,2197,2166,1452,1120,1452,1144,2199
1701,2196,2198,1487,1120,1556,1119,2160
1702,2198,2192,1556,1119,1556,1183,2201
1703,2201,2202,1556,1173,1585,1173,2160
1704,2198,2203,1556,1119,1585,1118,2160
1705,2203,2204,1585,1118,1585,1284,2160
1714,2207,2185,1487,1283,1374,1283,2160
1715,2207,2204,1487,1283,1585,1284,2160
1718,2196,2207,1487,1120,1487,1283,2160
1719,2174,2209,1452,1270,1472,1269,2160
1720,2209,2210,1472,1269,1471,1208,2160
1721,2210,2193,1471,1208,1506,1208,2160
1744,2261,2262,1487,998,1487,1021,2249
1745,2262,2252,1487,1021,1472,1021,2263
1746,2262,2255,1487,1021,1551,1021,2264
1747,2254,2265,1472,1070,1472,1078,2249
1748,2265,2275,1472,1078,1551,1080,2249
1749,2257,2275,1551,1070,1551,1080,2249
1750,2275,2276,1551,1080,1567,1080,2249
1751,2276,2278,1567,1080,1567,1045,2249
1752,2278,2260,1567,1045,1584,1046,2249
1753,2259,2279,1386,1069,1406,1069,2249
1754,2279,2280,1406,1069,1406,1088,2249
1755,2280,2281,1406,1088,1502,1088,2249
1756,2281,2256,1502,1088,1501,1046,2249
1757,2258,2282,1386,1021,1422,1022,2249
1758,2282,2253,1422,1022,1422,1046,2249
1759,2261,2283,1487,998,1387,998,2249
1760,2283,2284,1387,998,1386,1097,2249
1761,2261,2286,1487,998,1584,998,2249
1763,2284,2285,1386,1097,1583,1097,2249
1831,2380,2371,1611,1068,1639,1068,2367
1832,2381,2377,1611,1145,1639,1144,2367
1833,2372,2376,1689,1093,1689,1119,2383
1834,2378,2384,1689,1169,1701,1170,2367
1835,2384,2385,1701,1170,1701,1107,2367
1837,2386,2370,1689,1019,1689,1043,2387
1838,2386,2388,1689,1019,1612,1019,2367
1839,2388,2389,1612,1019,1611,1182,2367
1845,2389,2394,1611,1182,1723,1183,2367
1846,2385,2392,1701,1107,1723,1107,2367
1847,2386,2395,1689,1019,1724,1019,2367
1848,2395,2394,1724,1019,1723,1183,2367
1854,2408,2409,1555,976,1354,977,2157
1855,2409,2410,1354,977,1354,1295,2157
1856,2410,2411,1354,1295,1746,1296,2157
1857,2408,2412,1555,976,1746,975,2157
1858,2412,2411,1746,975,1746,1296,2157
1859,2392,2407,1723,1107,1746,1107,2157
1860,2408,2413,1555,976,1554,988,2157
1861,2413,2414,1554,988,1487,988,2157
1862,2414,2261,1487,988,1487,998,2157
1863,2413,2416,1554,988,1598,989,2157
1865,2417,2419,1597,1109,1487,1109,2157
1866,2419,2196,1487,1109,1487,1120,2157
1867,2416,2415,1598,989,1688,989,2157
1868,2415,2386,1688,989,1689,1019,2157
1869,2406,2431,1354,1131,1367,1131,2157
1870,2431,2432,1367,1131,1368,1070,2157
1871,2432,2259,1368,1070,1386,1069,2157
1872,2431,2428,1367,1131,1366,1246,2157
1873,2428,2177,1366,1246,1374,1246,2157
1874,2425,2176,1362,1169,1374,1169,2157
1875,2405,2420,1354,1088,1363,1088,2157
1876,2420,2425,1363,1088,1362,1169,2157
1877,2420,2421,1363,1088,1363,1021,2157
1878,2421,2258,1363,1021,1386,1021,2157
1879,2202,2433,1585,1173,1598,1172,2157
1880,2433,2434,1598,1172,1598,1145,2157
1881,2434,2381,1598,1145,1611,1145,2157
1883,2286,2285,1584,998,1583,1097,2157
1884,2416,2417,1598,989,1597,1109,2157
1885,2260,2436,1584,1046,1604,1047,2157
1886,2436,2437,1604,1047,1603,1069,2157
1887,2437,2380,1603,1069,1611,1068,2157
1891,2457,2448,1826,1169,1854,1169,2444
1892,2458,2454,1826,1246,1854,1245,2444
1893,2449,2453,1904,1194,1904,1220,2460
1899,2465,2466,1827,1120,1826,1283,2444
1910,2477,2478,1939,1120,1904,1120,2441
1911,2478,2465,1904,1120,1827,1120,2441
1912,2478,2447,1904,1120,1904,1144,2480
1915,2477,2479,1939,1120,2008,1119,2441
1916,2479,2473,2008,1119,2008,1183,2482
1917,2482,2483,2008,1173,2037,1173,2441
1918,2479,2484,2008,1119,2037,1118,2441
1919,2484,2485,2037,1118,2037,1284,2441
1928,2488,2466,1939,1283,1826,1283,2441
1929,2488,2485,1939,1283,2037,1284,2441
1932,2477,2488,1939,1120,1939,1283,2441
1933,2455,2490,1904,1270,1924,1269,2441
1934,2490,2491,1924,1269,1923,1208,2441
1935,2491,2474,1923,1208,1958,1208,2441
1958,2542,2543,1939,998,1939,1021,2530
1959,2543,2533,1939,1021,1924,1021,2544
1960,2543,2536,1939,1021,2003,1021,2545
1961,2535,2546,1924,1070,1924,1078,2530
1962,2546,2556,1924,1078,2003,1080,2530
1963,2538,2556,2003,1070,2003,1080,2530
1964,2556,2557,2003,1080,2019,1080,2530
1965,2557,2559,2019,1080,2019,1045,2530
1966,2559,2541,2019,1045,2036,1046,2530
1967,2540,2560,1838,1069,1858,1069,2530
1968,2560,2561,1858,1069,1858,1088,2530
1969,2561,2562,1858,1088,1954,1088,2530
1970,2562,2537,1954,1088,1953,1046,2530
1971,2539,2563,1838,1021,1874,1022,2530
1972,2563,2534,1874,1022,1874,1046,2530
1973,2542,2564,1939,998,1839,998,2530
1974,2564,2565,1839,998,1838,1097,2530
1975,2542,2567,1939,998,2036,998,2530
1977,2565,2566,1838,1097,2035,1097,2530
2045,2661,2652,2063,1068,2091,1068,2648
2046,2662,2658,2063,1145,2091,1144,2648
2047,2653,2657,2141,1093,2141,1119,2664
2048,2659,2665,2141,1169,2153,1170,2648
2049,2665,2666,2153,1170,2153,1107,2648
2051,2667,2651,2141,1019,2141,1043,2668
2052,2667,2669,2141,1019,2064,1019,2648
2053,2669,2670,2064,1019,2063,1182,2648
2059,2670,2675,2063,1182,2175,1183,2648
2060,2666,2673,2153,1107,2175,1107,2648
2061,2667,2676,2141,1019,2176,1019,2648
2062,2676,2675,2176,1019,2175,1183,2648
2068,2689,2690,2007,976,1806,977,2438
2069,2690,2691,1806,977,1806,1295,2438
2070,2691,2692,1806,1295,2198,1296,2438
2071,2689,2693,2007,976,2198,975,2438
2072,2693,2692,2198,975,2198,1296,2438
2073,2673,2688,2175,1107,2198,1107,2438
2074,2689,2694,2007,976,2006,988,2438
2075,2694,2695,2006,988,1939,988,2438
2076,2695,2542,1939,988,1939,998,2438
2077,2694,2697,2006,988,2050,989,2438
2079,2698,2700,2049,1109,1939,1109,2438
2080,2700,2477,1939,1109,1939,1120,2438
2081,2697,2696,2050,989,2140,989,2438
2082,2696,2667,2140,989,2141,1019,2438
2083,2687,2712,1806,1131,1819,1131,2438
2084,2712,2713,1819,1131,1820,1070,2438
2085,2713,2540,1820,1070,1838,1069,2438
2086,2712,2709,1819,1131,1818,1246,2438
2087,2709,2458,1818,1246,1826,1246,2438
2088,2706,2457,1814,1169,1826,1169,2438
2089,2686,2701,1806,1088,1815,1088,2438
2090,2701,2706,1815,1088,1814,1169,2438
2091,2701,2702,1815,1088,1815,1021,2438
2092,2702,2539,1815,1021,1838,1021,2438
2093,2483,2714,2037,1173,2050,1172,2438
2094,2714,2715,2050,1172,2050,1145,2438
2095,2715,2662,2050,1145,2063,1145,2438
2097,2567,2566,2036,998,2035,1097,2438
2098,2697,2698,2050,989,2049,1109,2438
2099,2541,2717,2036,1046,2056,1047,2438
2100,2717,2718,2056,1047,2055,1069,2438
2101,2718,2661,2055,1069,2063,1068,2438
2103,2735,2726,1367,1365,1395,1365,2722
2104,2736,2732,1367,1442,1395,1441,2722
2105,2727,2731,1445,1390,1445,1416,2738
2106,2733,2739,1445,1466,1457,1467,2722
2107,2739,2740,1457,1467,1457,1404,2722
2109,2741,2725,1445,1316,1445,1340,2742
2110,2741,2743,1445,1316,1368,1316,2722
2111,2743,2744,1368,1316,1367,1479,2722
2117,2744,2749,1367,1479,1479,1480,2722
2118,2740,2747,1457,1404,1479,1404,2722
2119,2741,2750,1445,1316,1480,1316,2722
2120,2750,2749,1480,1316,1479,1480,2722
2122,2764,2755,1766,1364,1794,1364,2751
2123,2765,2761,1766,1441,1794,1440,2751
2124,2756,2760,1844,1389,1844,1415,2767
2125,2762,2768,1844,1465,1856,1466,2751
2126,2768,2769,1856,1466,1856,1403,2751
2128,2770,2754,1844,1315,1844,1339,2771
2129,2770,2772,1844,1315,1767,1315,2751
2130,2772,2773,1767,1315,1766,1478,2751
2136,2773,2778,1766,1478,1878,1479,2751
2137,2769,2776,1856,1403,1878,1403,2751
2138,2770,2779,1844,1315,1879,1315,2751
2139,2779,2778,1879,1315,1878,1479,2751
2141,2792,2793,2008,1354,2008,1377,2780
2142,2793,2783,2008,1377,1993,1377,2794
2143,2793,2786,2008,1377,2072,1377,2795
2144,2785,2796,1993,1426,1993,1434,2780
2145,2796,2806,1993,1434,2072,1436,2780
2146,2788,2806,2072,1426,2072,1436,2780
2147,2806,2807,2072,1436,2088,1436,2780
2148,2807,2809,2088,1436,2088,1401,2780
2149,2809,2791,2088,1401,2105,1402,2780
2150,2790,2810,1907,1425,1927,1425,2780
2151,2810,2811,1927,1425,1927,1444,2780
2152,2811,2812,1927,1444,2023,1444,2780
2153,2812,2787,2023,1444,2022,1402,2780
2154,2789,2813,1907,1377,1943,1378,2780
2155,2813,2784,1943,1378,1943,1402,2780
2156,2792,2814,2008,1354,1908,1354,2780
2157,2814,2815,1908,1354,1907,1453,2780
2158,2792,2817,2008,1354,2105,1354,2780
2159,2817,2816,2105,1354,2104,1453,2780
2160,2815,2816,1907,1453,2104,1453,2780
2161,2820,2821,1776,948,1291,945,2154
2162,2821,2822,1291,945,1290,1512,2154
2163,2822,2823,1290,1512,2238,1512,2154
2164,2820,2824,1776,948,2238,947,2154
2165,2824,2823,2238,947,2238,1512,2154
2166,2721,2828,1290,1347,1313,1347,2154
2167,2828,2827,1313,1347,1312,1498,2154
2168,2827,2826,1312,1498,1726,1498,2154
2169,2826,2825,1726,1498,1727,1441,2154
2170,2825,2765,1727,1441,1766,1441,2154
2172,2831,2830,1728,1306,1789,1306,2154
2173,2825,2831,1727,1441,1728,1306,2154
2174,2830,2829,1789,1306,1789,1131,2154
2175,2829,2687,1789,1131,1806,1131,2154
2176,2719,2832,1290,1258,1314,1258,2154
2177,2832,2833,1314,1258,1314,1088,2154
2178,2833,2405,1314,1088,1354,1088,2154
2179,2832,2834,1314,1258,1331,1258,2154
2180,2834,2835,1331,1258,1332,1442,2154
2181,2835,2736,1332,1442,1367,1442,2154
2182,2720,2836,1290,1303,1339,1304,2154
2183,2836,2837,1339,1304,1339,1133,2154
2184,2837,2406,1339,1133,1354,1131,2154
2185,2836,2838,1339,1304,1340,1364,2154
2186,2838,2735,1340,1364,1367,1365,2154
2188,2839,2840,1787,1109,1787,1087,2154
2189,2840,2686,1787,1087,1806,1088,2154
2193,2407,2843,1746,1107,1768,1109,2154
2194,2843,2839,1768,1109,1787,1109,2154
2195,2843,2844,1768,1109,1767,1281,2154
2196,2844,2845,1767,1281,1754,1281,2154
2197,2845,2841,1754,1281,1754,1364,2154
2198,2841,2764,1754,1364,1766,1364,2154
2199,2688,2846,2198,1107,2219,1107,2154
2200,2846,2847,2219,1107,2220,1281,2154
2201,2847,2818,2220,1281,2239,1281,2154
2202,2776,2848,1878,1403,1892,1404,2154
2203,2848,2849,1892,1404,1892,1378,2154
2204,2849,2789,1892,1378,1907,1377,2154
2205,2747,2850,1479,1404,1743,1405,2154
2206,2850,2851,1743,1405,1743,1497,2154
2207,2851,2852,1743,1497,1891,1498,2154
2208,2852,2853,1891,1498,1892,1425,2154
2209,2853,2790,1892,1425,1907,1425,2154
2210,2791,2854,2105,1402,2219,1402,2154
2211,2854,2855,2219,1402,2220,1327,2154
2212,2855,2819,2220,1327,2239,1326,2154
2213,2820,2856,1776,948,1775,962,2151
2214,2856,2857,1775,962,1555,962,2151
2215,2857,2408,1555,962,1555,976,2151
2216,2856,2858,1775,962,2006,962,2151
2217,2858,2689,2006,962,2007,976,2151
2218,2858,2859,2006,962,2210,962,2151
2219,2859,2860,2210,962,2209,1307,2151
2220,2860,2861,2209,1307,2007,1307,2151
2221,2861,2792,2007,1307,2008,1354,2151
2222,2861,2862,2007,1307,1843,1305,2151
2223,2862,2770,1843,1305,1844,1315,2151
2224,2860,2863,2209,1307,2208,1504,2151
2225,2863,2864,2208,1504,1497,1504,2151
2226,2864,2865,1497,1504,1498,1305,2151
2227,2865,2866,1498,1305,1445,1304,2151
2228,2866,2741,1445,1304,1445,1316,2151
2231,2885,2870,1039,691,976,693,0
2232,2885,2886,1039,691,1038,722,0
2233,2886,2871,1038,722,976,722,0
2234,2886,2887,1038,722,1039,756,0
2235,2887,2872,1039,756,976,755,0
2236,2887,2888,1039,756,1040,784,0
2237,2888,2873,1040,784,976,785,0
2238,2888,2889,1040,784,1040,835,0
2239,2889,2874,1040,835,977,836,0
2240,2889,2890,1040,835,1040,861,0
2241,2890,2875,1040,861,978,861,0
2242,2890,2891,1040,861,1040,887,0
2243,2891,2876,1040,887,977,888,0
2244,2891,2892,1040,887,1038,912,0
2245,2892,2877,1038,912,978,913,0
2246,2892,2893,1038,912,1038,950,0
2247,2893,2878,1038,950,978,950,0
2248,1,2894,25,0,448,2,0
2249,2894,672,448,2,452,139,0
2250,2894,2884,448,2,1041,1,0
2251,2884,2895,1041,1,1785,4,0
2252,2895,1388,1785,4,1786,145,0
2253,2884,2896,1041,1,1037,608,0
2254,2896,2885,1037,608,1039,691,0
2255,2896,2899,1037,608,942,607,0
2256,2899,2900,942,607,940,937,0
2257,2900,2901,940,937,471,936,0
2258,2901,2104,471,936,473,963,0
2259,2896,2902,1037,608,1142,608,0
2260,2902,2903,1142,608,1141,905,0
2261,2903,2904,1141,905,1774,904,0
2262,2904,2820,1774,904,1776,948,0
2263,2878,2907,978,950,-76,949,0
2264,2907,2905,-76,949,-76,534,0
2265,2905,573,-76,534,-34,538,0
2266,671,2908,915,517,1205,516,0
2267,2908,2909,1205,516,1205,545,0
2268,2909,1289,1205,545,1300,544,0
2269,1387,2910,2249,523,2293,520,0
2270,2910,2911,2293,520,2293,1564,0
2271,2911,2912,2293,1564,-53,1564,0
2272,2912,2913,-53,1564,-55,1363,0
2273,2913,2005,-55,1363,-13,1362,0
2274,2103,2721,936,1341,1290,1347,0
2275,2819,2915,2239,1326,2271,1323,0
2276,2915,2914,2271,1323,2271,858,0
2277,2914,2883,2271,858,1205,861,0
2278,2877,2916,978,913,-96,911,0
2279,2916,2917,-96,911,-96,494,0
2280,2917,572,-96,494,-34,494,0
2281,2876,2918,977,888,952,886,0
2282,2918,2919,952,886,958,501,0
2283,2919,1288,958,501,1300,500,0
2284,2875,2921,978,861,-44,863,0
2285,2921,2922,-44,863,-44,1320,0
2286,2922,2004,-44,1320,-13,1318,0
2287,2874,2924,977,836,-112,833,0
2288,2924,2925,-112,833,-112,1581,0
2289,2925,2926,-112,1581,1118,1582,0
2290,2926,2927,1118,1582,1117,1305,0
2291,2927,2720,1117,1305,1290,1303,0
2292,2873,2928,976,785,-114,781,0
2293,2928,2929,-114,781,-114,450,0
2294,2929,571,-114,450,-34,449,0
2295,2872,2931,976,755,949,755,0
2296,2931,2930,949,755,946,454,0
2297,2930,1287,946,454,1300,455,0
2298,2871,2932,976,722,-57,724,0
2299,2932,2933,-57,724,-57,1271,0
2300,2933,2003,-57,1271,-13,1273,0
2301,2870,2934,976,693,930,690,0
2302,2934,2935,930,690,930,580,0
2303,2935,2936,930,580,1154,578,0
2304,2936,2937,1154,578,1154,1256,0
2305,2937,2719,1154,1256,1290,1258,0
2306,670,2938,915,472,1229,472,0
2307,2938,2939,1229,472,1229,812,0
2308,2939,2882,1229,812,1206,810,0
2309,1386,2940,2249,478,2275,479,0
2310,2940,2941,2275,479,2273,778,0
2311,2941,2881,2273,778,1206,776,0
2312,2102,2942,936,1296,1082,1296,0
2313,2942,2943,1082,1296,1082,1216,0
2314,2943,2944,1082,1216,1245,1217,0
2315,2944,2945,1245,1217,1245,744,0
2316,2945,2880,1245,744,1206,744,0
2317,2818,2950,2239,1281,2312,1281,0
2318,2950,2951,2312,1281,2311,820,0
2319,2951,2952,2311,820,1267,820,0
2320,2952,2953,1267,820,1264,710,0
2321,2953,2949,1264,710,1206,707,0
