6,LED,13,85
7,LED,-11,85
9,LED,36,84
10,LED,59,83
11,LED,85,84
12,LED,-34,84
14,LED,-58,84
15,LED,-83,84
23,GATED LATCH,456,269
27,GATED LATCH,381,268
28,GATED LATCH,304,268
29,GATED LATCH,227,268
31,LED,432,203
32,LED,357,203
33,LED,280,205
34,LED,203,206
39,LED,203,327
40,LED,280,328
41,LED,356,327
42,LED,431,328
48,BUFFER,265,268
49,BUFFER,265,312
50,BUFFER,204,312
51,BUFFER,342,268
52,BUFFER,342,314
53,BUFFER,278,313
54,BUFFER,356,314
55,BUFFER,430,315
60,BUFFER,418,314
61,BUFFER,493,313
67,BUFFER,419,268
68,BUFFER,493,268
77,BUFFER,504,305
78,BUFFER,431,304
79,BUFFER,356,303
80,BUFFER,279,303
81,BUFFER,203,304
84,BUFFER,181,328
85,BUFFER,181,204
313,BUFFER,279,184
314,BUFFER,358,176
315,BUFFER,431,166
328,BUFFER,203,189
359,TRANSISTOR,253,409
360,TRANSISTOR,332,408
361,TRANSISTOR,405,406
371,TRANSISTOR,178,409
373,BUFFER,153,357
374,BUFFER,227,357
375,BUFFER,307,355
376,BUFFER,380,354
377,BUFFER,457,355
385,BUFFER,203,454
388,BUFFER,278,458
389,BUFFER,357,463
390,BUFFER,430,467
408,LED,521,267
409,BUFFER,504,267
410,BUFFER,521,330
411,BUFFER,521,204
412,LED,519,354
414,BUFFER,12,453
415,BUFFER,36,458
416,BUFFER,58,462
417,BUFFER,85,467
418,BUFFER,13,189
419,BUFFER,35,183
420,BUFFER,58,175
421,BUFFER,83,166
