4,36,55,325,412,338,412,10
5,55,56,338,412,338,456,10
6,56,57,338,456,277,456,10
7,57,46,277,456,276,471,10
8,41,34,276,350,275,387,10
9,40,31,353,349,352,387,10
10,39,28,430,347,429,387,10
11,38,16,505,347,504,388,10
16,59,60,415,458,351,457,10
17,33,58,402,412,415,412,10
18,58,59,415,412,415,458,10
19,60,47,351,457,353,472,10
20,30,74,479,412,492,412,10
21,74,67,492,412,491,458,10
22,67,61,491,458,429,458,10
23,61,48,429,458,429,471,10
24,18,75,554,413,566,412,10
25,75,68,566,412,566,457,10
26,68,62,566,457,503,459,10
27,62,49,503,459,504,472,10
55,85,17,504,448,504,438,10
56,85,86,504,448,429,447,10
57,86,29,429,447,429,437,10
58,86,87,429,447,352,447,10
59,87,32,352,447,352,437,10
60,87,88,352,447,276,448,10
61,88,35,276,448,275,437,10
64,91,92,254,472,254,348,10
270,399,41,276,333,276,350,7
271,384,40,352,328,353,349,7
272,385,39,431,320,430,347,7
273,386,38,504,310,505,347,7
345,47,441,353,472,351,528,448
346,48,444,429,471,430,527,449
347,49,450,504,472,503,525,465
356,46,479,276,471,276,528,483
361,484,480,226,501,226,553,7
363,485,442,300,501,301,553,7
365,486,445,380,499,380,552,7
367,487,451,453,498,453,550,7
376,481,496,276,578,276,598,7
377,443,499,351,578,351,602,7
378,446,500,430,577,430,607,7
379,452,501,503,575,503,611,7
396,548,567,328,858,341,858,522
397,567,568,341,858,341,902,522
398,568,569,341,902,280,902,522
399,569,558,280,902,279,917,522
400,553,546,279,796,278,833,522
401,552,543,356,795,355,833,522
402,551,540,433,793,432,833,522
403,550,528,508,793,507,834,522
404,549,525,581,793,581,833,522
405,554,531,657,794,658,833,522
406,555,534,729,794,729,833,522
407,556,537,807,793,808,833,522
408,571,572,418,904,354,903,522
409,545,570,405,858,418,858,522
410,570,571,418,858,418,904,522
411,572,559,354,903,356,918,522
412,542,586,482,858,495,858,522
413,586,579,495,858,494,904,522
414,579,573,494,904,432,904,522
415,573,560,432,904,432,917,522
416,530,587,557,859,569,858,522
417,587,580,569,858,569,903,522
418,580,574,569,903,506,905,522
419,574,561,506,905,507,918,522
420,527,588,631,858,644,857,522
421,588,581,644,857,644,904,522
422,581,575,644,904,581,905,522
423,575,562,581,905,581,918,522
424,533,589,708,858,719,858,522
425,589,582,719,858,718,904,522
426,582,576,718,904,658,905,522
427,576,563,658,905,657,919,522
428,536,590,779,858,793,858,522
429,590,583,793,858,793,905,522
430,583,577,793,905,729,906,522
431,577,564,729,906,729,917,522
432,539,584,858,858,872,858,522
433,584,585,872,858,872,905,522
434,585,578,872,905,809,905,522
435,578,565,809,905,809,916,522
436,566,591,900,858,884,857,522
437,591,592,884,857,884,893,522
438,592,593,884,893,809,894,522
439,593,538,809,894,808,883,522
440,593,594,809,894,729,894,522
441,594,535,729,894,729,883,522
442,594,595,729,894,658,894,522
443,595,532,658,894,658,883,522
444,595,596,658,894,580,895,522
445,596,526,580,895,581,883,522
446,596,597,580,895,507,894,522
447,597,529,507,894,507,884,522
448,597,598,507,894,432,893,522
449,598,541,432,893,432,883,522
450,598,599,432,893,355,893,522
451,599,544,355,893,355,883,522
452,599,600,355,893,279,894,522
453,600,547,279,894,278,883,522
454,566,602,900,858,900,916,522
455,602,603,900,916,257,918,522
456,603,604,257,918,257,794,522
457,604,601,257,794,899,791,522
458,566,601,900,858,899,791,522
662,911,553,279,779,279,796,519
663,896,552,355,774,356,795,519
664,897,551,434,766,433,793,519
665,898,550,507,756,508,793,519
666,899,549,579,747,581,793,519
667,900,554,657,738,657,794,519
668,901,555,729,730,729,794,519
669,902,556,807,719,807,793,519
737,559,953,356,918,354,974,960
738,560,956,432,917,433,973,961
739,561,962,507,918,506,971,977
740,562,965,581,918,582,971,978
741,563,968,657,919,656,972,979
742,564,971,729,917,732,970,980
743,565,974,809,916,803,970,981
748,558,991,279,917,279,974,995
753,996,992,229,947,229,999,519
755,997,954,303,947,304,999,519
757,998,957,383,945,383,998,519
759,999,963,456,944,456,996,519
761,1000,966,533,945,533,996,519
763,1001,969,605,944,606,997,519
765,1002,972,681,944,682,995,519
767,1003,975,753,947,753,995,519
768,993,1008,279,1024,279,1044,519
769,955,1011,354,1024,354,1048,519
770,958,1012,433,1023,433,1053,519
771,964,1013,506,1021,506,1057,519
772,967,1014,582,1021,581,1064,519
773,970,1015,656,1022,655,1070,519
774,973,1016,732,1020,731,1076,519
775,976,1017,803,1020,803,1083,519
790,1053,1044,279,1394,307,1394,1040
791,1054,1050,279,1471,307,1470,1040
792,1045,1049,357,1419,357,1445,1056
798,1061,1062,280,1345,279,1508,1040
809,1073,1074,392,1345,357,1345,1037
810,1074,1061,357,1345,280,1345,1037
811,1074,1043,357,1345,357,1369,1076
814,1073,1075,392,1345,461,1344,1037
815,1075,1069,461,1344,461,1408,1078
816,1078,1079,461,1398,490,1398,1037
817,1075,1080,461,1344,490,1343,1037
818,1080,1081,490,1343,490,1509,1037
827,1084,1062,392,1508,279,1508,1037
828,1084,1081,392,1508,490,1509,1037
831,1073,1084,392,1345,392,1508,1037
832,1051,1086,357,1495,377,1494,1037
833,1086,1087,377,1494,376,1433,1037
834,1087,1070,376,1433,411,1433,1037
857,1138,1139,392,1223,392,1246,1126
858,1139,1129,392,1246,377,1246,1140
859,1139,1132,392,1246,456,1246,1141
860,1131,1142,377,1295,377,1303,1126
861,1142,1152,377,1303,456,1305,1126
862,1134,1152,456,1295,456,1305,1126
863,1152,1153,456,1305,472,1305,1126
864,1153,1155,472,1305,472,1270,1126
865,1155,1137,472,1270,489,1271,1126
866,1136,1156,291,1294,311,1294,1126
867,1156,1157,311,1294,311,1313,1126
868,1157,1158,311,1313,407,1313,1126
869,1158,1133,407,1313,406,1271,1126
870,1135,1159,291,1246,327,1247,1126
871,1159,1130,327,1247,327,1271,1126
872,1138,1160,392,1223,292,1223,1126
873,1160,1161,292,1223,291,1322,1126
874,1138,1163,392,1223,489,1223,1126
876,1161,1162,291,1322,488,1322,1126
944,1257,1248,516,1293,544,1293,1244
945,1258,1254,516,1370,544,1369,1244
946,1249,1253,594,1318,594,1344,1260
947,1255,1261,594,1394,606,1395,1244
948,1261,1262,606,1395,606,1332,1244
950,1263,1247,594,1244,594,1268,1264
951,1263,1265,594,1244,517,1244,1244
952,1265,1266,517,1244,516,1407,1244
958,1266,1271,516,1407,628,1408,1244
959,1262,1269,606,1332,628,1332,1244
960,1263,1272,594,1244,629,1244,1244
961,1272,1271,629,1244,628,1408,1244
967,1285,1286,460,1201,259,1202,1034
968,1286,1287,259,1202,259,1520,1034
969,1287,1288,259,1520,651,1521,1034
970,1285,1289,460,1201,651,1200,1034
971,1289,1288,651,1200,651,1521,1034
972,1269,1284,628,1332,651,1332,1034
973,1285,1290,460,1201,459,1213,1034
974,1290,1291,459,1213,392,1213,1034
975,1291,1138,392,1213,392,1223,1034
976,1290,1293,459,1213,503,1214,1034
978,1294,1296,502,1334,392,1334,1034
979,1296,1073,392,1334,392,1345,1034
980,1293,1292,503,1214,593,1214,1034
981,1292,1263,593,1214,594,1244,1034
982,1283,1308,259,1356,272,1356,1034
983,1308,1309,272,1356,273,1295,1034
984,1309,1136,273,1295,291,1294,1034
985,1308,1305,272,1356,271,1471,1034
986,1305,1054,271,1471,279,1471,1034
987,1302,1053,267,1394,279,1394,1034
988,1282,1297,259,1313,268,1313,1034
989,1297,1302,268,1313,267,1394,1034
990,1297,1298,268,1313,268,1246,1034
991,1298,1135,268,1246,291,1246,1034
992,1079,1310,490,1398,503,1397,1034
993,1310,1311,503,1397,503,1370,1034
994,1311,1258,503,1370,516,1370,1034
996,1163,1162,489,1223,488,1322,1034
997,1293,1294,503,1214,502,1334,1034
998,1137,1313,489,1271,509,1272,1034
999,1313,1314,509,1272,508,1294,1034
1000,1314,1257,508,1294,516,1293,1034
1004,1334,1325,731,1394,759,1394,1321
1005,1335,1331,731,1471,759,1470,1321
1006,1326,1330,809,1419,809,1445,1337
1012,1342,1343,732,1345,731,1508,1321
1023,1354,1355,844,1345,809,1345,1318
1024,1355,1342,809,1345,732,1345,1318
1025,1355,1324,809,1345,809,1369,1357
1028,1354,1356,844,1345,913,1344,1318
1029,1356,1350,913,1344,913,1408,1359
1030,1359,1360,913,1398,942,1398,1318
1031,1356,1361,913,1344,942,1343,1318
1032,1361,1362,942,1343,942,1509,1318
1041,1365,1343,844,1508,731,1508,1318
1042,1365,1362,844,1508,942,1509,1318
1045,1354,1365,844,1345,844,1508,1318
1046,1332,1367,809,1495,829,1494,1318
1047,1367,1368,829,1494,828,1433,1318
1048,1368,1351,828,1433,863,1433,1318
1071,1419,1420,844,1223,844,1246,1407
1072,1420,1410,844,1246,829,1246,1421
1073,1420,1413,844,1246,908,1246,1422
1074,1412,1423,829,1295,829,1303,1407
1075,1423,1433,829,1303,908,1305,1407
1076,1415,1433,908,1295,908,1305,1407
1077,1433,1434,908,1305,924,1305,1407
1078,1434,1436,924,1305,924,1270,1407
1079,1436,1418,924,1270,941,1271,1407
1080,1417,1437,743,1294,763,1294,1407
1081,1437,1438,763,1294,763,1313,1407
1082,1438,1439,763,1313,859,1313,1407
1083,1439,1414,859,1313,858,1271,1407
1084,1416,1440,743,1246,779,1247,1407
1085,1440,1411,779,1247,779,1271,1407
1086,1419,1441,844,1223,744,1223,1407
1087,1441,1442,744,1223,743,1322,1407
1088,1419,1444,844,1223,941,1223,1407
1090,1442,1443,743,1322,940,1322,1407
1158,1538,1529,968,1293,996,1293,1525
1159,1539,1535,968,1370,996,1369,1525
1160,1530,1534,1046,1318,1046,1344,1541
1161,1536,1542,1046,1394,1058,1395,1525
1162,1542,1543,1058,1395,1058,1332,1525
1164,1544,1528,1046,1244,1046,1268,1545
1165,1544,1546,1046,1244,969,1244,1525
1166,1546,1547,969,1244,968,1407,1525
1172,1547,1552,968,1407,1080,1408,1525
1173,1543,1550,1058,1332,1080,1332,1525
1174,1544,1553,1046,1244,1081,1244,1525
1175,1553,1552,1081,1244,1080,1408,1525
1181,1566,1567,912,1201,711,1202,1315
1182,1567,1568,711,1202,711,1520,1315
1183,1568,1569,711,1520,1103,1521,1315
1184,1566,1570,912,1201,1103,1200,1315
1185,1570,1569,1103,1200,1103,1521,1315
1186,1550,1565,1080,1332,1103,1332,1315
1187,1566,1571,912,1201,911,1213,1315
1188,1571,1572,911,1213,844,1213,1315
1189,1572,1419,844,1213,844,1223,1315
1190,1571,1574,911,1213,955,1214,1315
1192,1575,1577,954,1334,844,1334,1315
1193,1577,1354,844,1334,844,1345,1315
1194,1574,1573,955,1214,1045,1214,1315
1195,1573,1544,1045,1214,1046,1244,1315
1196,1564,1589,711,1356,724,1356,1315
1197,1589,1590,724,1356,725,1295,1315
1198,1590,1417,725,1295,743,1294,1315
1199,1589,1586,724,1356,723,1471,1315
1200,1586,1335,723,1471,731,1471,1315
1201,1583,1334,719,1394,731,1394,1315
1202,1563,1578,711,1313,720,1313,1315
1203,1578,1583,720,1313,719,1394,1315
1204,1578,1579,720,1313,720,1246,1315
1205,1579,1416,720,1246,743,1246,1315
1206,1360,1591,942,1398,955,1397,1315
1207,1591,1592,955,1397,955,1370,1315
1208,1592,1539,955,1370,968,1370,1315
1210,1444,1443,941,1223,940,1322,1315
1211,1574,1575,955,1214,954,1334,1315
1212,1418,1594,941,1271,961,1272,1315
1213,1594,1595,961,1272,960,1294,1315
1214,1595,1538,960,1294,968,1293,1315
1216,1612,1603,272,1590,300,1590,1599
1217,1613,1609,272,1667,300,1666,1599
1218,1604,1608,350,1615,350,1641,1615
1219,1610,1616,350,1691,362,1692,1599
1220,1616,1617,362,1692,362,1629,1599
1222,1618,1602,350,1541,350,1565,1619
1223,1618,1620,350,1541,273,1541,1599
1224,1620,1621,273,1541,272,1704,1599
1230,1621,1626,272,1704,384,1705,1599
1231,1617,1624,362,1629,384,1629,1599
1232,1618,1627,350,1541,385,1541,1599
1233,1627,1626,385,1541,384,1705,1599
1235,1641,1632,671,1589,699,1589,1628
1236,1642,1638,671,1666,699,1665,1628
1237,1633,1637,749,1614,749,1640,1644
1238,1639,1645,749,1690,761,1691,1628
1239,1645,1646,761,1691,761,1628,1628
1241,1647,1631,749,1540,749,1564,1648
1242,1647,1649,749,1540,672,1540,1628
1243,1649,1650,672,1540,671,1703,1628
1249,1650,1655,671,1703,783,1704,1628
1250,1646,1653,761,1628,783,1628,1628
1251,1647,1656,749,1540,784,1540,1628
1252,1656,1655,784,1540,783,1704,1628
1254,1669,1670,913,1579,913,1602,1657
1255,1670,1660,913,1602,898,1602,1671
1256,1670,1663,913,1602,977,1602,1672
1257,1662,1673,898,1651,898,1659,1657
1258,1673,1683,898,1659,977,1661,1657
1259,1665,1683,977,1651,977,1661,1657
1260,1683,1684,977,1661,993,1661,1657
1261,1684,1686,993,1661,993,1626,1657
1262,1686,1668,993,1626,1010,1627,1657
1263,1667,1687,812,1650,832,1650,1657
1264,1687,1688,832,1650,832,1669,1657
1265,1688,1689,832,1669,928,1669,1657
1266,1689,1664,928,1669,927,1627,1657
1267,1666,1690,812,1602,848,1603,1657
1268,1690,1661,848,1603,848,1627,1657
1269,1669,1691,913,1579,813,1579,1657
1270,1691,1692,813,1579,812,1678,1657
1271,1669,1694,913,1579,1010,1579,1657
1272,1694,1693,1010,1579,1009,1678,1657
1273,1692,1693,812,1678,1009,1678,1657
1274,1697,1698,681,1173,196,1170,1031
1275,1698,1699,196,1170,195,1737,1031
1276,1699,1700,195,1737,1143,1737,1031
1277,1697,1701,681,1173,1143,1172,1031
1278,1701,1700,1143,1172,1143,1737,1031
1279,1598,1705,195,1572,218,1572,1031
1280,1705,1704,218,1572,217,1723,1031
1281,1704,1703,217,1723,631,1723,1031
1282,1703,1702,631,1723,632,1666,1031
1283,1702,1642,632,1666,671,1666,1031
1285,1708,1707,633,1531,694,1531,1031
1286,1702,1708,632,1666,633,1531,1031
1287,1707,1706,694,1531,694,1356,1031
1288,1706,1564,694,1356,711,1356,1031
1289,1596,1709,195,1483,219,1483,1031
1290,1709,1710,219,1483,219,1313,1031
1291,1710,1282,219,1313,259,1313,1031
1292,1709,1711,219,1483,236,1483,1031
1293,1711,1712,236,1483,237,1667,1031
1294,1712,1613,237,1667,272,1667,1031
1295,1597,1713,195,1528,244,1529,1031
1296,1713,1714,244,1529,244,1358,1031
1297,1714,1283,244,1358,259,1356,1031
1298,1713,1715,244,1529,245,1589,1031
1299,1715,1612,245,1589,272,1590,1031
1301,1716,1717,692,1334,692,1312,1031
1302,1717,1563,692,1312,711,1313,1031
1306,1284,1720,651,1332,673,1334,1031
1307,1720,1716,673,1334,692,1334,1031
1308,1720,1721,673,1334,672,1506,1031
1309,1721,1722,672,1506,659,1506,1031
1310,1722,1718,659,1506,659,1589,1031
1311,1718,1641,659,1589,671,1589,1031
1312,1565,1723,1103,1332,1124,1332,1031
1313,1723,1724,1124,1332,1125,1506,1031
1314,1724,1695,1125,1506,1144,1506,1031
1315,1653,1725,783,1628,797,1629,1031
1316,1725,1726,797,1629,797,1603,1031
1317,1726,1666,797,1603,812,1602,1031
1318,1624,1727,384,1629,648,1630,1031
1319,1727,1728,648,1630,648,1722,1031
1320,1728,1729,648,1722,796,1723,1031
1321,1729,1730,796,1723,797,1650,1031
1322,1730,1667,797,1650,812,1650,1031
1323,1668,1731,1010,1627,1124,1627,1031
1324,1731,1732,1124,1627,1125,1552,1031
1325,1732,1696,1125,1552,1144,1551,1031
1326,1697,1733,681,1173,680,1187,1028
1327,1733,1734,680,1187,460,1187,1028
1328,1734,1285,460,1187,460,1201,1028
1329,1733,1735,680,1187,911,1187,1028
1330,1735,1566,911,1187,912,1201,1028
1331,1735,1736,911,1187,1115,1187,1028
1332,1736,1737,1115,1187,1114,1532,1028
1333,1737,1738,1114,1532,912,1532,1028
1334,1738,1669,912,1532,913,1579,1028
1335,1738,1739,912,1532,748,1530,1028
1336,1739,1647,748,1530,749,1540,1028
1337,1737,1740,1114,1532,1113,1729,1028
1338,1740,1741,1113,1729,402,1729,1028
1339,1741,1742,402,1729,403,1530,1028
1340,1742,1743,403,1530,350,1529,1028
1341,1743,1618,350,1529,350,1541,1028
1347,1769,1760,281,2046,309,2046,1756
1348,1770,1766,281,2123,309,2122,1756
1349,1761,1765,359,2071,359,2097,1772
1355,1777,1778,282,1997,281,2160,1756
1366,1789,1790,394,1997,359,1997,1753
1367,1790,1777,359,1997,282,1997,1753
1368,1790,1759,359,1997,359,2021,1792
1371,1789,1791,394,1997,463,1996,1753
1372,1791,1785,463,1996,463,2060,1794
1373,1794,1795,463,2050,492,2050,1753
1374,1791,1796,463,1996,492,1995,1753
1375,1796,1797,492,1995,492,2161,1753
1384,1800,1778,394,2160,281,2160,1753
1385,1800,1797,394,2160,492,2161,1753
1388,1789,1800,394,1997,394,2160,1753
1389,1767,1802,359,2147,379,2146,1753
1390,1802,1803,379,2146,378,2085,1753
1391,1803,1786,378,2085,413,2085,1753
1414,1854,1855,394,1875,394,1898,1842
1415,1855,1845,394,1898,379,1898,1856
1416,1855,1848,394,1898,458,1898,1857
1417,1847,1858,379,1947,379,1955,1842
1418,1858,1868,379,1955,458,1957,1842
1419,1850,1868,458,1947,458,1957,1842
1420,1868,1869,458,1957,474,1957,1842
1421,1869,1871,474,1957,474,1922,1842
1422,1871,1853,474,1922,491,1923,1842
1423,1852,1872,293,1946,313,1946,1842
1424,1872,1873,313,1946,313,1965,1842
1425,1873,1874,313,1965,409,1965,1842
1426,1874,1849,409,1965,408,1923,1842
1427,1851,1875,293,1898,329,1899,1842
1428,1875,1846,329,1899,329,1923,1842
1429,1854,1876,394,1875,294,1875,1842
1430,1876,1877,294,1875,293,1974,1842
1431,1854,1879,394,1875,491,1875,1842
1433,1877,1878,293,1974,490,1974,1842
1501,1973,1964,518,1945,546,1945,1960
1502,1974,1970,518,2022,546,2021,1960
1503,1965,1969,596,1970,596,1996,1976
1504,1971,1977,596,2046,608,2047,1960
1505,1977,1978,608,2047,608,1984,1960
1507,1979,1963,596,1896,596,1920,1980
1508,1979,1981,596,1896,519,1896,1960
1509,1981,1982,519,1896,518,2059,1960
1515,1982,1987,518,2059,630,2060,1960
1516,1978,1985,608,1984,630,1984,1960
1517,1979,1988,596,1896,631,1896,1960
1518,1988,1987,631,1896,630,2060,1960
1524,2001,2002,462,1853,261,1854,1750
1525,2002,2003,261,1854,261,2172,1750
1526,2003,2004,261,2172,653,2173,1750
1527,2001,2005,462,1853,653,1852,1750
1528,2005,2004,653,1852,653,2173,1750
1529,1985,2000,630,1984,653,1984,1750
1530,2001,2006,462,1853,461,1865,1750
1531,2006,2007,461,1865,394,1865,1750
1532,2007,1854,394,1865,394,1875,1750
1533,2006,2009,461,1865,505,1866,1750
1535,2010,2012,504,1986,394,1986,1750
1536,2012,1789,394,1986,394,1997,1750
1537,2009,2008,505,1866,595,1866,1750
1538,2008,1979,595,1866,596,1896,1750
1539,1999,2024,261,2008,274,2008,1750
1540,2024,2025,274,2008,275,1947,1750
1541,2025,1852,275,1947,293,1946,1750
1542,2024,2021,274,2008,273,2123,1750
1543,2021,1770,273,2123,281,2123,1750
1544,2018,1769,269,2046,281,2046,1750
1545,1998,2013,261,1965,270,1965,1750
1546,2013,2018,270,1965,269,2046,1750
1547,2013,2014,270,1965,270,1898,1750
1548,2014,1851,270,1898,293,1898,1750
1549,1795,2026,492,2050,505,2049,1750
1550,2026,2027,505,2049,505,2022,1750
1551,2027,1974,505,2022,518,2022,1750
1553,1879,1878,491,1875,490,1974,1750
1554,2009,2010,505,1866,504,1986,1750
1555,1853,2029,491,1923,511,1924,1750
1556,2029,2030,511,1924,510,1946,1750
1557,2030,1973,510,1946,518,1945,1750
1561,2050,2041,733,2046,761,2046,2037
1562,2051,2047,733,2123,761,2122,2037
1563,2042,2046,811,2071,811,2097,2053
1569,2058,2059,734,1997,733,2160,2037
1580,2070,2071,846,1997,811,1997,2034
1581,2071,2058,811,1997,734,1997,2034
1582,2071,2040,811,1997,811,2021,2073
1585,2070,2072,846,1997,915,1996,2034
1586,2072,2066,915,1996,915,2060,2075
1587,2075,2076,915,2050,944,2050,2034
1588,2072,2077,915,1996,944,1995,2034
1589,2077,2078,944,1995,944,2161,2034
1598,2081,2059,846,2160,733,2160,2034
1599,2081,2078,846,2160,944,2161,2034
1602,2070,2081,846,1997,846,2160,2034
1603,2048,2083,811,2147,831,2146,2034
1604,2083,2084,831,2146,830,2085,2034
1605,2084,2067,830,2085,865,2085,2034
1628,2135,2136,846,1875,846,1898,2123
1629,2136,2126,846,1898,831,1898,2137
1630,2136,2129,846,1898,910,1898,2138
1631,2128,2139,831,1947,831,1955,2123
1632,2139,2149,831,1955,910,1957,2123
1633,2131,2149,910,1947,910,1957,2123
1634,2149,2150,910,1957,926,1957,2123
1635,2150,2152,926,1957,926,1922,2123
1636,2152,2134,926,1922,943,1923,2123
1637,2133,2153,745,1946,765,1946,2123
1638,2153,2154,765,1946,765,1965,2123
1639,2154,2155,765,1965,861,1965,2123
1640,2155,2130,861,1965,860,1923,2123
1641,2132,2156,745,1898,781,1899,2123
1642,2156,2127,781,1899,781,1923,2123
1643,2135,2157,846,1875,746,1875,2123
1644,2157,2158,746,1875,745,1974,2123
1645,2135,2160,846,1875,943,1875,2123
1647,2158,2159,745,1974,942,1974,2123
1715,2254,2245,970,1945,998,1945,2241
1716,2255,2251,970,2022,998,2021,2241
1717,2246,2250,1048,1970,1048,1996,2257
1718,2252,2258,1048,2046,1060,2047,2241
1719,2258,2259,1060,2047,1060,1984,2241
1721,2260,2244,1048,1896,1048,1920,2261
1722,2260,2262,1048,1896,971,1896,2241
1723,2262,2263,971,1896,970,2059,2241
1729,2263,2268,970,2059,1082,2060,2241
1730,2259,2266,1060,1984,1082,1984,2241
1731,2260,2269,1048,1896,1083,1896,2241
1732,2269,2268,1083,1896,1082,2060,2241
1738,2282,2283,914,1853,713,1854,2031
1739,2283,2284,713,1854,713,2172,2031
1740,2284,2285,713,2172,1105,2173,2031
1741,2282,2286,914,1853,1105,1852,2031
1742,2286,2285,1105,1852,1105,2173,2031
1743,2266,2281,1082,1984,1105,1984,2031
1744,2282,2287,914,1853,913,1865,2031
1745,2287,2288,913,1865,846,1865,2031
1746,2288,2135,846,1865,846,1875,2031
1747,2287,2290,913,1865,957,1866,2031
1749,2291,2293,956,1986,846,1986,2031
1750,2293,2070,846,1986,846,1997,2031
1751,2290,2289,957,1866,1047,1866,2031
1752,2289,2260,1047,1866,1048,1896,2031
1753,2280,2305,713,2008,726,2008,2031
1754,2305,2306,726,2008,727,1947,2031
1755,2306,2133,727,1947,745,1946,2031
1756,2305,2302,726,2008,725,2123,2031
1757,2302,2051,725,2123,733,2123,2031
1758,2299,2050,721,2046,733,2046,2031
1759,2279,2294,713,1965,722,1965,2031
1760,2294,2299,722,1965,721,2046,2031
1761,2294,2295,722,1965,722,1898,2031
1762,2295,2132,722,1898,745,1898,2031
1763,2076,2307,944,2050,957,2049,2031
1764,2307,2308,957,2049,957,2022,2031
1765,2308,2255,957,2022,970,2022,2031
1767,2160,2159,943,1875,942,1974,2031
1768,2290,2291,957,1866,956,1986,2031
1769,2134,2310,943,1923,963,1924,2031
1770,2310,2311,963,1924,962,1946,2031
1771,2311,2254,962,1946,970,1945,2031
1773,2328,2319,274,2242,302,2242,2315
1774,2329,2325,274,2319,302,2318,2315
1775,2320,2324,352,2267,352,2293,2331
1776,2326,2332,352,2343,364,2344,2315
1777,2332,2333,364,2344,364,2281,2315
1779,2334,2318,352,2193,352,2217,2335
1780,2334,2336,352,2193,275,2193,2315
1781,2336,2337,275,2193,274,2356,2315
1787,2337,2342,274,2356,386,2357,2315
1788,2333,2340,364,2281,386,2281,2315
1789,2334,2343,352,2193,387,2193,2315
1790,2343,2342,387,2193,386,2357,2315
1792,2357,2348,673,2241,701,2241,2344
1793,2358,2354,673,2318,701,2317,2344
1794,2349,2353,751,2266,751,2292,2360
1795,2355,2361,751,2342,763,2343,2344
1796,2361,2362,763,2343,763,2280,2344
1798,2363,2347,751,2192,751,2216,2364
1799,2363,2365,751,2192,674,2192,2344
1800,2365,2366,674,2192,673,2355,2344
1806,2366,2371,673,2355,785,2356,2344
1807,2362,2369,763,2280,785,2280,2344
1808,2363,2372,751,2192,786,2192,2344
1809,2372,2371,786,2192,785,2356,2344
1811,2385,2386,915,2231,915,2254,2373
1812,2386,2376,915,2254,900,2254,2387
1813,2386,2379,915,2254,979,2254,2388
1814,2378,2389,900,2303,900,2311,2373
1815,2389,2399,900,2311,979,2313,2373
1816,2381,2399,979,2303,979,2313,2373
1817,2399,2400,979,2313,995,2313,2373
1818,2400,2402,995,2313,995,2278,2373
1819,2402,2384,995,2278,1012,2279,2373
1820,2383,2403,814,2302,834,2302,2373
1821,2403,2404,834,2302,834,2321,2373
1822,2404,2405,834,2321,930,2321,2373
1823,2405,2380,930,2321,929,2279,2373
1824,2382,2406,814,2254,850,2255,2373
1825,2406,2377,850,2255,850,2279,2373
1826,2385,2407,915,2231,815,2231,2373
1827,2407,2408,815,2231,814,2330,2373
1828,2385,2410,915,2231,1012,2231,2373
1829,2410,2409,1012,2231,1011,2330,2373
1830,2408,2409,814,2330,1011,2330,2373
1831,2413,2414,683,1825,198,1822,1747
1832,2414,2415,198,1822,197,2389,1747
1833,2415,2416,197,2389,1145,2389,1747
1834,2413,2417,683,1825,1145,1824,1747
1835,2417,2416,1145,1824,1145,2389,1747
1836,2314,2421,197,2224,220,2224,1747
1837,2421,2420,220,2224,219,2375,1747
1838,2420,2419,219,2375,633,2375,1747
1839,2419,2418,633,2375,634,2318,1747
1840,2418,2358,634,2318,673,2318,1747
1842,2424,2423,635,2183,696,2183,1747
1843,2418,2424,634,2318,635,2183,1747
1844,2423,2422,696,2183,696,2008,1747
1845,2422,2280,696,2008,713,2008,1747
1846,2312,2425,197,2135,221,2135,1747
1847,2425,2426,221,2135,221,1965,1747
1848,2426,1998,221,1965,261,1965,1747
1849,2425,2427,221,2135,238,2135,1747
1850,2427,2428,238,2135,239,2319,1747
1851,2428,2329,239,2319,274,2319,1747
1852,2313,2429,197,2180,246,2181,1747
1853,2429,2430,246,2181,246,2010,1747
1854,2430,1999,246,2010,261,2008,1747
1855,2429,2431,246,2181,247,2241,1747
1856,2431,2328,247,2241,274,2242,1747
1858,2432,2433,694,1986,694,1964,1747
1859,2433,2279,694,1964,713,1965,1747
1863,2000,2436,653,1984,675,1986,1747
1864,2436,2432,675,1986,694,1986,1747
1865,2436,2437,675,1986,674,2158,1747
1866,2437,2438,674,2158,661,2158,1747
1867,2438,2434,661,2158,661,2241,1747
1868,2434,2357,661,2241,673,2241,1747
1869,2281,2439,1105,1984,1126,1984,1747
1870,2439,2440,1126,1984,1127,2158,1747
1871,2440,2411,1127,2158,1146,2158,1747
1872,2369,2441,785,2280,799,2281,1747
1873,2441,2442,799,2281,799,2255,1747
1874,2442,2382,799,2255,814,2254,1747
1875,2340,2443,386,2281,650,2282,1747
1876,2443,2444,650,2282,650,2374,1747
1877,2444,2445,650,2374,798,2375,1747
1878,2445,2446,798,2375,799,2302,1747
1879,2446,2383,799,2302,814,2302,1747
1880,2384,2447,1012,2279,1126,2279,1747
1881,2447,2448,1126,2279,1127,2204,1747
1882,2448,2412,1127,2204,1146,2203,1747
1883,2413,2449,683,1825,682,1839,1744
1884,2449,2450,682,1839,462,1839,1744
1885,2450,2001,462,1839,462,1853,1744
1886,2449,2451,682,1839,913,1839,1744
1887,2451,2282,913,1839,914,1853,1744
1888,2451,2452,913,1839,1117,1839,1744
1889,2452,2453,1117,1839,1116,2184,1744
1890,2453,2454,1116,2184,914,2184,1744
1891,2454,2385,914,2184,915,2231,1744
1892,2454,2455,914,2184,750,2182,1744
1893,2455,2363,750,2182,751,2192,1744
1894,2453,2456,1116,2184,1115,2381,1744
1895,2456,2457,1115,2381,404,2381,1744
1896,2457,2458,404,2381,405,2182,1744
1897,2458,2459,405,2182,352,2181,1744
1898,2459,2334,352,2181,352,2193,1744
1902,2492,2511,331,2647,344,2647,2466
1903,2511,2512,344,2647,344,2691,2466
1904,2512,2513,344,2691,283,2691,2466
1905,2513,2502,283,2691,282,2706,2466
1906,2497,2490,282,2585,281,2622,2466
1907,2496,2487,359,2584,358,2622,2466
1908,2495,2484,436,2582,435,2622,2466
1909,2494,2472,511,2582,510,2623,2466
1910,2493,2469,584,2582,584,2622,2466
1911,2498,2475,660,2583,661,2622,2466
1912,2499,2478,732,2583,732,2622,2466
1913,2500,2481,810,2582,811,2622,2466
1914,2515,2516,421,2693,357,2692,2466
1915,2489,2514,408,2647,421,2647,2466
1916,2514,2515,421,2647,421,2693,2466
1917,2516,2503,357,2692,359,2707,2466
1918,2486,2530,485,2647,498,2647,2466
1919,2530,2523,498,2647,497,2693,2466
1920,2523,2517,497,2693,435,2693,2466
1921,2517,2504,435,2693,435,2706,2466
1922,2474,2531,560,2648,572,2647,2466
1923,2531,2524,572,2647,572,2692,2466
1924,2524,2518,572,2692,509,2694,2466
1925,2518,2505,509,2694,510,2707,2466
1926,2471,2532,634,2647,647,2646,2466
1927,2532,2525,647,2646,647,2693,2466
1928,2525,2519,647,2693,584,2694,2466
1929,2519,2506,584,2694,584,2707,2466
1930,2477,2533,711,2647,722,2647,2466
1931,2533,2526,722,2647,721,2693,2466
1932,2526,2520,721,2693,661,2694,2466
1933,2520,2507,661,2694,660,2708,2466
1934,2480,2534,782,2647,796,2647,2466
1935,2534,2527,796,2647,796,2694,2466
1936,2527,2521,796,2694,732,2695,2466
1937,2521,2508,732,2695,732,2706,2466
1938,2483,2528,861,2647,875,2647,2466
1939,2528,2529,875,2647,875,2694,2466
1940,2529,2522,875,2694,812,2694,2466
1941,2522,2509,812,2694,812,2705,2466
1942,2510,2535,903,2647,887,2646,2466
1943,2535,2536,887,2646,887,2682,2466
1944,2536,2537,887,2682,812,2683,2466
1945,2537,2482,812,2683,811,2672,2466
1946,2537,2538,812,2683,732,2683,2466
1947,2538,2479,732,2683,732,2672,2466
1948,2538,2539,732,2683,661,2683,2466
1949,2539,2476,661,2683,661,2672,2466
1950,2539,2540,661,2683,583,2684,2466
1951,2540,2470,583,2684,584,2672,2466
1952,2540,2541,583,2684,510,2683,2466
1953,2541,2473,510,2683,510,2673,2466
1954,2541,2542,510,2683,435,2682,2466
1955,2542,2485,435,2682,435,2672,2466
1956,2542,2543,435,2682,358,2682,2466
1957,2543,2488,358,2682,358,2672,2466
1958,2543,2544,358,2682,282,2683,2466
1959,2544,2491,282,2683,281,2672,2466
1960,2510,2546,903,2647,903,2705,2466
1961,2546,2547,903,2705,260,2707,2466
1962,2547,2548,260,2707,260,2583,2466
1963,2548,2545,260,2583,902,2580,2466
1964,2510,2545,903,2647,902,2580,2466
2168,2855,2497,282,2568,282,2585,2463
2169,2840,2496,358,2563,359,2584,2463
2170,2841,2495,437,2555,436,2582,2463
2171,2842,2494,510,2545,511,2582,2463
2172,2843,2493,582,2536,584,2582,2463
2173,2844,2498,660,2527,660,2583,2463
2174,2845,2499,732,2519,732,2583,2463
2175,2846,2500,810,2508,810,2582,2463
2243,2503,2897,359,2707,357,2763,2904
2244,2504,2900,435,2706,436,2762,2905
2245,2505,2906,510,2707,509,2760,2921
2246,2506,2909,584,2707,585,2760,2922
2247,2507,2912,660,2708,659,2761,2923
2248,2508,2915,732,2706,735,2759,2924
2249,2509,2918,812,2705,806,2759,2925
2254,2502,2935,282,2706,282,2763,2939
2259,2940,2936,232,2736,232,2788,2463
2261,2941,2898,306,2736,307,2788,2463
2263,2942,2901,386,2734,386,2787,2463
2265,2943,2907,459,2733,459,2785,2463
2267,2944,2910,536,2734,536,2785,2463
2269,2945,2913,608,2733,609,2786,2463
2271,2946,2916,684,2733,685,2784,2463
2273,2947,2919,756,2736,756,2784,2463
2274,2937,2952,282,2813,282,2833,2463
2275,2899,2955,357,2813,357,2837,2463
2276,2902,2956,436,2812,436,2842,2463
2277,2908,2957,509,2810,509,2846,2463
2278,2911,2958,585,2810,584,2853,2463
2279,2914,2959,659,2811,658,2859,2463
2280,2917,2960,735,2809,734,2865,2463
2281,2920,2961,806,2809,806,2872,2463
2294,3004,3023,331,3123,344,3123,2978
2295,3023,3024,344,3123,344,3167,2978
2296,3024,3025,344,3167,283,3167,2978
2297,3025,3014,283,3167,282,3182,2978
2298,3009,3002,282,3061,281,3098,2978
2299,3008,2999,359,3060,358,3098,2978
2300,3007,2996,436,3058,435,3098,2978
2301,3006,2984,511,3058,510,3099,2978
2302,3005,2981,584,3058,584,3098,2978
2303,3010,2987,660,3059,661,3098,2978
2304,3011,2990,732,3059,732,3098,2978
2305,3012,2993,810,3058,811,3098,2978
2306,3027,3028,421,3169,357,3168,2978
2307,3001,3026,408,3123,421,3123,2978
2308,3026,3027,421,3123,421,3169,2978
2309,3028,3015,357,3168,359,3183,2978
2310,2998,3042,485,3123,498,3123,2978
2311,3042,3035,498,3123,497,3169,2978
2312,3035,3029,497,3169,435,3169,2978
2313,3029,3016,435,3169,435,3182,2978
2314,2986,3043,560,3124,572,3123,2978
2315,3043,3036,572,3123,572,3168,2978
2316,3036,3030,572,3168,509,3170,2978
2317,3030,3017,509,3170,510,3183,2978
2318,2983,3044,634,3123,647,3122,2978
2319,3044,3037,647,3122,647,3169,2978
2320,3037,3031,647,3169,584,3170,2978
2321,3031,3018,584,3170,584,3183,2978
2322,2989,3045,711,3123,722,3123,2978
2323,3045,3038,722,3123,721,3169,2978
2324,3038,3032,721,3169,661,3170,2978
2325,3032,3019,661,3170,660,3184,2978
2326,2992,3046,782,3123,796,3123,2978
2327,3046,3039,796,3123,796,3170,2978
2328,3039,3033,796,3170,732,3171,2978
2329,3033,3020,732,3171,732,3182,2978
2330,2995,3040,861,3123,875,3123,2978
2331,3040,3041,875,3123,875,3170,2978
2332,3041,3034,875,3170,812,3170,2978
2333,3034,3021,812,3170,812,3181,2978
2334,3022,3047,903,3123,887,3122,2978
2335,3047,3048,887,3122,887,3158,2978
2336,3048,3049,887,3158,812,3159,2978
2337,3049,2994,812,3159,811,3148,2978
2338,3049,3050,812,3159,732,3159,2978
2339,3050,2991,732,3159,732,3148,2978
2340,3050,3051,732,3159,661,3159,2978
2341,3051,2988,661,3159,661,3148,2978
2342,3051,3052,661,3159,583,3160,2978
2343,3052,2982,583,3160,584,3148,2978
2344,3052,3053,583,3160,510,3159,2978
2345,3053,2985,510,3159,510,3149,2978
2346,3053,3054,510,3159,435,3158,2978
2347,3054,2997,435,3158,435,3148,2978
2348,3054,3055,435,3158,358,3158,2978
2349,3055,3000,358,3158,358,3148,2978
2350,3055,3056,358,3158,282,3159,2978
2351,3056,3003,282,3159,281,3148,2978
2352,3022,3058,903,3123,903,3181,2978
2353,3058,3059,903,3181,260,3183,2978
2354,3059,3060,260,3183,260,3059,2978
2355,3060,3057,260,3059,902,3056,2978
2356,3022,3057,903,3123,902,3056,2978
2560,3367,3009,282,3044,282,3061,2975
2561,3352,3008,358,3039,359,3060,2975
2562,3353,3007,437,3031,436,3058,2975
2563,3354,3006,510,3021,511,3058,2975
2564,3355,3005,582,3012,584,3058,2975
2565,3356,3010,660,3003,660,3059,2975
2566,3357,3011,732,2995,732,3059,2975
2567,3358,3012,810,2984,810,3058,2975
2635,3015,3409,359,3183,357,3239,3416
2636,3016,3412,435,3182,436,3238,3417
2637,3017,3418,510,3183,509,3236,3433
2638,3018,3421,584,3183,585,3236,3434
2639,3019,3424,660,3184,659,3237,3435
2640,3020,3427,732,3182,735,3235,3436
2641,3021,3430,812,3181,806,3235,3437
2646,3014,3447,282,3182,282,3239,3451
2651,3452,3448,232,3212,232,3264,2975
2653,3453,3410,306,3212,307,3264,2975
2655,3454,3413,386,3210,386,3263,2975
2657,3455,3419,459,3209,459,3261,2975
2659,3456,3422,536,3210,536,3261,2975
2661,3457,3425,608,3209,609,3262,2975
2663,3458,3428,684,3209,685,3260,2975
2665,3459,3431,756,3212,756,3260,2975
2666,3449,3464,282,3289,282,3309,2975
2667,3411,3467,357,3289,357,3313,2975
2668,3414,3468,436,3288,436,3318,2975
2669,3420,3469,509,3286,509,3322,2975
2670,3423,3470,585,3286,584,3329,2975
2671,3426,3471,659,3287,658,3335,2975
2672,3429,3472,735,3285,734,3341,2975
2673,3432,3473,806,3285,806,3348,2975
2686,3530,3549,-944,878,-931,878,3504
2687,3549,3550,-931,878,-931,922,3504
2688,3550,3551,-931,922,-992,922,3504
2689,3551,3540,-992,922,-993,937,3504
2690,3535,3528,-993,816,-994,853,3504
2691,3534,3525,-916,815,-917,853,3504
2692,3533,3522,-839,813,-840,853,3504
2693,3532,3510,-764,813,-765,854,3504
2694,3531,3507,-691,813,-691,853,3504
2695,3536,3513,-615,814,-614,853,3504
2696,3537,3516,-543,814,-543,853,3504
2697,3538,3519,-465,813,-464,853,3504
2698,3553,3554,-854,924,-918,923,3504
2699,3527,3552,-867,878,-854,878,3504
2700,3552,3553,-854,878,-854,924,3504
2701,3554,3541,-918,923,-916,938,3504
2702,3524,3568,-790,878,-777,878,3504
2703,3568,3561,-777,878,-778,924,3504
2704,3561,3555,-778,924,-840,924,3504
2705,3555,3542,-840,924,-840,937,3504
2706,3512,3569,-715,879,-703,878,3504
2707,3569,3562,-703,878,-703,923,3504
2708,3562,3556,-703,923,-766,925,3504
2709,3556,3543,-766,925,-765,938,3504
2710,3509,3570,-641,878,-628,877,3504
2711,3570,3563,-628,877,-628,924,3504
2712,3563,3557,-628,924,-691,925,3504
2713,3557,3544,-691,925,-691,938,3504
2714,3515,3571,-564,878,-553,878,3504
2715,3571,3564,-553,878,-554,924,3504
2716,3564,3558,-554,924,-614,925,3504
2717,3558,3545,-614,925,-615,939,3504
2718,3518,3572,-493,878,-479,878,3504
2719,3572,3565,-479,878,-479,925,3504
2720,3565,3559,-479,925,-543,926,3504
2721,3559,3546,-543,926,-543,937,3504
2722,3521,3566,-414,878,-400,878,3504
2723,3566,3567,-400,878,-400,925,3504
2724,3567,3560,-400,925,-463,925,3504
2725,3560,3547,-463,925,-463,936,3504
2729,3575,3520,-463,914,-464,903,3504
2731,3576,3517,-543,914,-543,903,3504
2733,3577,3514,-614,914,-614,903,3504
2735,3578,3508,-692,915,-691,903,3504
2737,3579,3511,-765,914,-765,904,3504
2739,3580,3523,-840,913,-840,903,3504
2741,3581,3526,-917,913,-917,903,3504
2743,3582,3529,-993,914,-994,903,3504
2952,3893,3535,-993,799,-993,816,3501
2953,3878,3534,-917,794,-916,815,3501
2954,3879,3533,-838,786,-839,813,3501
2955,3880,3532,-765,776,-764,813,3501
2956,3881,3531,-693,767,-691,813,3501
2957,3882,3536,-615,758,-615,814,3501
2958,3883,3537,-543,750,-543,814,3501
2959,3884,3538,-465,739,-465,813,3501
3027,3541,3935,-916,938,-918,994,3942
3028,3542,3938,-840,937,-839,993,3943
3029,3543,3944,-765,938,-766,991,3959
3030,3544,3947,-691,938,-690,991,3960
3031,3545,3950,-615,939,-616,992,3961
3032,3546,3953,-543,937,-540,990,3962
3033,3547,3956,-463,936,-469,990,3963
3038,3540,3973,-993,937,-993,994,3977
3043,3978,3974,-1043,967,-1043,1019,3501
3044,3978,3979,-1043,967,-969,967,3501
3045,3979,3936,-969,967,-968,1019,3501
3046,3979,3980,-969,967,-889,965,3501
3047,3980,3939,-889,965,-889,1018,3501
3048,3980,3981,-889,965,-816,964,3501
3049,3981,3945,-816,964,-816,1016,3501
3050,3981,3982,-816,964,-739,965,3501
3051,3982,3948,-739,965,-739,1016,3501
3052,3982,3983,-739,965,-667,964,3501
3053,3983,3951,-667,964,-666,1017,3501
3054,3983,3984,-667,964,-591,964,3501
3055,3984,3954,-591,964,-590,1015,3501
3056,3984,3985,-591,964,-519,967,3501
3057,3985,3957,-519,967,-519,1015,3501
3058,3975,3990,-993,1044,-993,1064,3501
3059,3937,3993,-918,1044,-918,1068,3501
3060,3940,3994,-839,1043,-839,1073,3501
3061,3946,3995,-766,1041,-766,1077,3501
3062,3949,3996,-690,1041,-691,1084,3501
3063,3952,3997,-616,1042,-617,1090,3501
3064,3955,3998,-540,1040,-541,1096,3501
3065,3958,3999,-469,1040,-469,1103,3501
3074,4009,3978,-1081,965,-1043,967,3498
3078,4042,4061,-912,2672,-899,2672,4016
3079,4061,4062,-899,2672,-899,2716,4016
3080,4062,4063,-899,2716,-960,2716,4016
3081,4063,4052,-960,2716,-961,2731,4016
3082,4047,4040,-961,2610,-962,2647,4016
3083,4046,4037,-884,2609,-885,2647,4016
3084,4045,4034,-807,2607,-808,2647,4016
3085,4044,4022,-732,2607,-733,2648,4016
3086,4043,4019,-659,2607,-659,2647,4016
3087,4048,4025,-583,2608,-582,2647,4016
3088,4049,4028,-511,2608,-511,2647,4016
3089,4050,4031,-433,2607,-432,2647,4016
3090,4065,4066,-822,2718,-886,2717,4016
3091,4039,4064,-835,2672,-822,2672,4016
3092,4064,4065,-822,2672,-822,2718,4016
3093,4066,4053,-886,2717,-884,2732,4016
3094,4036,4080,-758,2672,-745,2672,4016
3095,4080,4073,-745,2672,-746,2718,4016
3096,4073,4067,-746,2718,-808,2718,4016
3097,4067,4054,-808,2718,-808,2731,4016
3098,4024,4081,-683,2673,-671,2672,4016
3099,4081,4074,-671,2672,-671,2717,4016
3100,4074,4068,-671,2717,-734,2719,4016
3101,4068,4055,-734,2719,-733,2732,4016
3102,4021,4082,-609,2672,-596,2671,4016
3103,4082,4075,-596,2671,-596,2718,4016
3104,4075,4069,-596,2718,-659,2719,4016
3106,4027,4083,-532,2672,-521,2672,4016
3107,4083,4076,-521,2672,-522,2718,4016
3108,4076,4070,-522,2718,-582,2719,4016
3109,4070,4057,-582,2719,-583,2733,4016
3110,4030,4084,-461,2672,-447,2672,4016
3111,4084,4077,-447,2672,-447,2719,4016
3112,4077,4071,-447,2719,-511,2720,4016
3113,4071,4058,-511,2720,-511,2731,4016
3114,4033,4078,-382,2672,-368,2672,4016
3115,4078,4079,-368,2672,-368,2719,4016
3116,4079,4072,-368,2719,-431,2719,4016
3117,4072,4059,-431,2719,-431,2730,4016
3121,4087,4032,-431,2708,-432,2697,4016
3123,4088,4029,-511,2708,-511,2697,4016
3125,4089,4026,-582,2708,-582,2697,4016
3127,4090,4020,-660,2709,-659,2697,4016
3129,4091,4023,-733,2708,-733,2698,4016
3131,4092,4035,-808,2707,-808,2697,4016
3133,4093,4038,-885,2707,-885,2697,4016
3135,4094,4041,-961,2708,-962,2697,4016
3344,4405,4047,-961,2593,-961,2610,4013
3345,4390,4046,-885,2588,-884,2609,4013
3346,4391,4045,-806,2580,-807,2607,4013
3347,4392,4044,-733,2570,-732,2607,4013
3348,4393,4043,-661,2561,-659,2607,4013
3349,4394,4048,-583,2552,-583,2608,4013
3350,4395,4049,-511,2544,-511,2608,4013
3351,4396,4050,-433,2533,-433,2607,4013
3419,4053,4447,-884,2732,-886,2788,4454
3420,4054,4450,-808,2731,-807,2787,4455
3421,4055,4456,-733,2732,-734,2785,4471
3423,4057,4462,-583,2733,-584,2786,4473
3424,4058,4465,-511,2731,-508,2784,4474
3425,4059,4468,-431,2730,-437,2784,4475
3430,4052,4485,-961,2731,-961,2788,4489
3435,4490,4486,-1011,2761,-1011,2813,4013
3436,4490,4491,-1011,2761,-937,2761,4013
3437,4491,4448,-937,2761,-936,2813,4013
3438,4491,4492,-937,2761,-857,2759,4013
3439,4492,4451,-857,2759,-857,2812,4013
3440,4492,4493,-857,2759,-784,2758,4013
3441,4493,4457,-784,2758,-784,2810,4013
3442,4493,4494,-784,2758,-707,2759,4013
3443,4494,4460,-707,2759,-707,2810,4013
3444,4494,4495,-707,2759,-635,2758,4013
3445,4495,4463,-635,2758,-634,2811,4013
3446,4495,4496,-635,2758,-559,2758,4013
3447,4496,4466,-559,2758,-558,2809,4013
3448,4496,4497,-559,2758,-487,2761,4013
3449,4497,4469,-487,2761,-487,2809,4013
3450,4487,4502,-961,2838,-961,2858,4013
3451,4449,4505,-886,2838,-886,2862,4013
3452,4452,4506,-807,2837,-807,2867,4013
3453,4458,4507,-734,2835,-734,2871,4013
3454,4461,4508,-658,2835,-659,2878,4013
3455,4464,4509,-584,2836,-585,2884,4013
3456,4467,4510,-508,2834,-509,2890,4013
3457,4470,4511,-437,2834,-437,2897,4013
3466,4521,4490,-1049,2759,-1011,2761,4010
3467,4524,4527,24,-90,1279,-92,0
3468,4524,4526,24,-90,-1208,-91,0
3469,4523,4525,-199,-62,-1178,-64,0
3470,4523,4528,-199,-62,1236,-57,0
3471,4527,4529,1279,-92,1277,416,0
3472,4529,4530,1277,416,1277,855,0
3473,4530,4531,1277,855,1277,1440,0
3474,4531,4532,1277,1440,1282,2104,0
3475,4532,4533,1282,2104,1275,2617,0
3476,4533,4534,1275,2617,1281,3110,0
3477,4526,4535,-1208,-91,-1217,869,0
3478,4535,4536,-1217,869,-1211,2663,0
3504,4545,4549,583,411,573,410,0
3505,4549,4550,573,410,572,448,0
3506,4550,85,572,448,504,448,0
3507,4547,92,583,347,254,348,0
3508,4545,4547,583,411,583,347,0
3509,4545,4548,583,411,582,472,0
3510,4548,91,582,472,254,472,0
3511,3484,4551,25,87,25,309,0
3512,4551,3484,25,309,25,87,0
3513,3497,4552,-11,87,-10,320,0
3514,4552,3497,-10,320,-11,87,0
3515,3496,4553,-46,86,-46,326,0
3516,4553,3496,-46,326,-46,86,0
3517,3495,4554,-78,87,-77,332,0
3518,4554,3495,-77,332,-78,87,0
3519,4551,386,25,309,504,310,0
3520,4552,385,-10,320,431,320,0
3521,4553,384,-46,326,352,328,0
3522,4554,399,-77,332,276,333,0
3523,496,4558,276,598,-79,597,0
3524,499,4557,351,602,-45,600,0
3525,500,4556,430,607,-11,606,0
3526,501,4555,503,611,25,610,0
3527,4551,4555,25,309,25,610,0
3528,4555,4551,25,610,25,309,0
3529,4552,4556,-10,320,-11,606,0
3530,4556,4552,-11,606,-10,320,0
3531,4553,4557,-46,326,-45,600,0
3532,4557,4553,-45,600,-46,326,0
3533,4554,4558,-77,332,-79,597,0
3534,4558,4554,-79,597,-77,332,0
3535,4559,487,581,497,453,498,0
3536,487,486,453,498,380,499,0
3537,486,485,380,499,300,501,0
3538,485,484,300,501,226,501,0
3543,1,4524,25,0,24,-90,0
3544,4562,1003,899,946,753,947,0
3545,1003,1002,753,947,681,944,0
3546,1002,1001,681,944,605,944,0
3547,1001,1000,605,944,533,945,0
3548,1000,999,533,945,456,944,0
3549,999,998,456,944,383,945,0
3550,998,997,383,945,303,947,0
3551,997,996,303,947,229,947,0
3552,4563,566,1028,856,900,858,0
3553,4564,4562,1028,946,899,946,0
3555,4560,4545,736,414,583,411,0
3556,4561,4559,736,497,581,497,0
3557,4565,2947,901,2734,756,2736,0
3558,2947,2946,756,2736,684,2733,0
3559,2946,2945,684,2733,608,2733,0
3560,2945,2944,608,2733,536,2734,0
3561,2944,2943,536,2734,459,2733,0
3562,2943,2942,459,2733,386,2734,0
3563,2942,2941,386,2734,306,2736,0
3564,2941,2940,306,2736,232,2736,0
3565,4566,2510,1015,2647,903,2647,0
3566,4567,4565,1014,2734,901,2734,0
3567,4568,3459,903,3213,756,3212,0
3568,3459,3458,756,3212,684,3209,0
3569,3458,3457,684,3209,608,3209,0
3570,3457,3456,608,3209,536,3210,0
3571,3456,3455,536,3210,459,3209,0
3572,3455,3454,459,3209,386,3210,0
3573,3454,3453,386,3210,306,3212,0
3574,3453,3452,306,3212,232,3212,0
3575,4569,3022,1013,3123,903,3123,0
3576,4570,4568,1013,3213,903,3213,0
3577,4571,4572,-984,2671,-970,2670,0
3578,4572,4573,-970,2670,-970,2707,0
3579,4573,4094,-970,2707,-961,2708,0
3580,4094,4093,-961,2708,-885,2707,0
3581,4093,4092,-885,2707,-808,2707,0
3582,4092,4091,-808,2707,-733,2708,0
3583,4091,4090,-733,2708,-660,2709,0
3584,4090,4089,-660,2709,-582,2708,0
3585,4089,4088,-582,2708,-511,2708,0
3586,4088,4087,-511,2708,-431,2708,0
3587,4571,4097,-984,2671,-983,2732,0
3588,4571,4098,-984,2671,-983,2608,0
3589,4098,4095,-983,2608,-341,2605,0
3590,4069,4574,-659,2719,-659,2731,0
3591,4574,4459,-659,2731,-658,2785,4575
3592,4097,4096,-983,2732,-340,2730,0
3593,4096,4095,-340,2730,-341,2605,0
3594,4576,4571,-1101,2670,-984,2671,0
3595,4577,4521,-1101,2760,-1049,2759,0
3597,4578,4579,-1016,875,-1003,875,0
3598,4579,4580,-1003,875,-1002,914,0
3599,4580,3582,-1002,914,-993,914,0
3600,3582,3581,-993,914,-917,913,0
3601,3581,3580,-917,913,-840,913,0
3602,3580,3579,-840,913,-765,914,0
3603,3579,3578,-765,914,-692,915,0
3604,3578,3577,-692,915,-614,914,0
3605,3577,3576,-614,914,-543,914,0
3606,3576,3575,-543,914,-463,914,0
3607,4578,3586,-1016,875,-1015,814,0
3608,3586,3583,-1015,814,-373,811,0
3609,3583,3584,-373,811,-372,936,0
3610,4578,3585,-1016,875,-1015,938,0
3611,3585,3584,-1015,938,-372,936,0
3613,4581,4578,-1154,874,-1016,875,0
3614,4582,4009,-1153,967,-1081,965,0
