9,GATED LATCH,529,413
13,GATED LATCH,454,412
14,GATED LATCH,377,412
15,GATED LATCH,300,412
17,LED,505,347
18,LED,430,347
19,LED,353,349
20,LED,276,350
25,LED,276,471
26,LED,353,472
27,LED,429,471
28,LED,504,472
34,BUFFER,338,412
35,BUFFER,338,456
36,BUFFER,277,456
37,BUFFER,415,412
38,BUFFER,415,458
39,BUFFER,351,457
40,BUFFER,429,458
41,BUFFER,503,459
46,BUFFER,491,458
47,BUFFER,566,457
53,BUFFER,492,412
54,BUFFER,566,412
64,BUFFER,504,448
65,BUFFER,429,447
66,BUFFER,352,447
67,BUFFER,276,448
70,BUFFER,254,472
71,BUFFER,254,348
299,BUFFER,352,328
300,BUFFER,431,320
301,BUFFER,504,310
314,BUFFER,276,333
345,TRANSISTOR,326,553
346,TRANSISTOR,405,552
347,TRANSISTOR,478,550
357,TRANSISTOR,251,553
359,BUFFER,226,501
360,BUFFER,300,501
361,BUFFER,380,499
362,BUFFER,453,498
371,BUFFER,276,598
374,BUFFER,351,602
375,BUFFER,430,607
376,BUFFER,503,611
397,GATED LATCH,606,858
398,GATED LATCH,532,859
399,GATED LATCH,683,858
400,GATED LATCH,754,858
401,GATED LATCH,833,858
402,GATED LATCH,457,858
403,GATED LATCH,380,858
404,GATED LATCH,303,858
405,LED,581,793
406,LED,508,793
407,LED,433,793
408,LED,356,795
409,LED,279,796
410,LED,657,794
411,LED,729,794
412,LED,807,793
414,LED,279,917
415,LED,356,918
416,LED,432,917
417,LED,507,918
418,LED,581,918
419,LED,657,919
420,LED,729,917
421,LED,809,916
422,LED,900,858
423,BUFFER,341,858
424,BUFFER,341,902
425,BUFFER,280,902
426,BUFFER,418,858
427,BUFFER,418,904
428,BUFFER,354,903
429,BUFFER,432,904
430,BUFFER,506,905
431,BUFFER,581,905
432,BUFFER,658,905
433,BUFFER,729,906
434,BUFFER,809,905
435,BUFFER,494,904
436,BUFFER,569,903
437,BUFFER,644,904
438,BUFFER,718,904
439,BUFFER,793,905
440,BUFFER,872,858
441,BUFFER,872,905
442,BUFFER,495,858
443,BUFFER,569,858
444,BUFFER,644,857
445,BUFFER,719,858
446,BUFFER,793,858
447,BUFFER,884,857
448,BUFFER,884,893
449,BUFFER,809,894
450,BUFFER,729,894
451,BUFFER,658,894
452,BUFFER,580,895
453,BUFFER,507,894
454,BUFFER,432,893
455,BUFFER,355,893
456,BUFFER,279,894
457,BUFFER,899,791
458,BUFFER,900,916
459,BUFFER,257,918
460,BUFFER,257,794
688,BUFFER,355,774
689,BUFFER,434,766
690,BUFFER,507,756
691,BUFFER,579,747
692,BUFFER,657,738
693,BUFFER,729,730
694,BUFFER,807,719
703,BUFFER,279,779
734,TRANSISTOR,329,999
735,TRANSISTOR,408,998
736,TRANSISTOR,481,996
737,TRANSISTOR,558,996
738,TRANSISTOR,631,997
739,TRANSISTOR,707,995
740,TRANSISTOR,778,995
746,TRANSISTOR,254,999
748,BUFFER,229,947
749,BUFFER,303,947
750,BUFFER,383,945
751,BUFFER,456,944
752,BUFFER,533,945
753,BUFFER,605,944
754,BUFFER,681,944
755,BUFFER,753,947
760,BUFFER,279,1044
763,BUFFER,354,1048
764,BUFFER,433,1053
765,BUFFER,506,1057
766,BUFFER,581,1064
767,BUFFER,655,1070
768,BUFFER,731,1076
769,BUFFER,803,1083
790,TRANSISTOR,332,1394
792,TRANSISTOR,332,1470
794,LED,279,1394
795,LED,279,1471
800,BUFFER,280,1345
801,BUFFER,279,1508
808,TRANSISTOR,436,1433
810,LED,392,1345
811,BUFFER,357,1345
812,BUFFER,461,1344
814,LED,490,1398
815,BUFFER,490,1343
816,BUFFER,490,1509
819,BUFFER,392,1508
821,BUFFER,377,1494
822,BUFFER,376,1433
856,TRANSISTOR,352,1271
857,TRANSISTOR,431,1271
858,LED,291,1246
859,LED,291,1294
860,LED,489,1271
861,LED,392,1223
862,BUFFER,392,1246
863,BUFFER,377,1303
873,BUFFER,456,1305
874,BUFFER,472,1305
876,BUFFER,472,1270
877,BUFFER,311,1294
878,BUFFER,311,1313
879,BUFFER,407,1313
880,BUFFER,327,1247
881,BUFFER,292,1223
882,BUFFER,291,1322
883,BUFFER,488,1322
884,BUFFER,489,1223
944,TRANSISTOR,569,1293
946,TRANSISTOR,569,1369
948,LED,516,1293
949,LED,516,1370
951,BUFFER,606,1395
952,BUFFER,606,1332
953,LED,594,1244
954,BUFFER,517,1244
955,BUFFER,516,1407
958,LED,628,1332
960,BUFFER,628,1408
961,BUFFER,629,1244
971,LED,259,1313
972,LED,259,1356
973,LED,651,1332
974,LED,460,1201
975,BUFFER,259,1202
976,BUFFER,259,1520
977,BUFFER,651,1521
978,BUFFER,651,1200
979,BUFFER,459,1213
980,BUFFER,392,1213
981,BUFFER,593,1214
982,BUFFER,503,1214
983,BUFFER,502,1334
985,BUFFER,392,1334
986,BUFFER,268,1313
987,BUFFER,268,1246
991,BUFFER,267,1394
994,BUFFER,271,1471
997,BUFFER,272,1356
998,BUFFER,273,1295
999,BUFFER,503,1397
1000,BUFFER,503,1370
1002,BUFFER,509,1272
1003,BUFFER,508,1294
1010,TRANSISTOR,784,1394
1012,TRANSISTOR,784,1470
1014,LED,731,1394
1015,LED,731,1471
1020,BUFFER,732,1345
1021,BUFFER,731,1508
1028,TRANSISTOR,888,1433
1030,LED,844,1345
1031,BUFFER,809,1345
1032,BUFFER,913,1344
1034,LED,942,1398
1035,BUFFER,942,1343
1036,BUFFER,942,1509
1039,BUFFER,844,1508
1041,BUFFER,829,1494
1042,BUFFER,828,1433
1076,TRANSISTOR,804,1271
1077,TRANSISTOR,883,1271
1078,LED,743,1246
1079,LED,743,1294
1080,LED,941,1271
1081,LED,844,1223
1082,BUFFER,844,1246
1083,BUFFER,829,1303
1093,BUFFER,908,1305
1094,BUFFER,924,1305
1096,BUFFER,924,1270
1097,BUFFER,763,1294
1098,BUFFER,763,1313
1099,BUFFER,859,1313
1100,BUFFER,779,1247
1101,BUFFER,744,1223
1102,BUFFER,743,1322
1103,BUFFER,940,1322
1104,BUFFER,941,1223
1164,TRANSISTOR,1021,1293
1166,TRANSISTOR,1021,1369
1168,LED,968,1293
1169,LED,968,1370
1171,BUFFER,1058,1395
1172,BUFFER,1058,1332
1173,LED,1046,1244
1174,BUFFER,969,1244
1175,BUFFER,968,1407
1178,LED,1080,1332
1180,BUFFER,1080,1408
1181,BUFFER,1081,1244
1191,LED,711,1313
1192,LED,711,1356
1193,LED,1103,1332
1194,LED,912,1201
1195,BUFFER,711,1202
1196,BUFFER,711,1520
1197,BUFFER,1103,1521
1198,BUFFER,1103,1200
1199,BUFFER,911,1213
1200,BUFFER,844,1213
1201,BUFFER,1045,1214
1202,BUFFER,955,1214
1203,BUFFER,954,1334
1205,BUFFER,844,1334
1206,BUFFER,720,1313
1207,BUFFER,720,1246
1211,BUFFER,719,1394
1214,BUFFER,723,1471
1217,BUFFER,724,1356
1218,BUFFER,725,1295
1219,BUFFER,955,1397
1220,BUFFER,955,1370
1222,BUFFER,961,1272
1223,BUFFER,960,1294
1224,LED,195,1483
1225,LED,195,1528
1226,LED,195,1572
1229,TRANSISTOR,325,1590
1231,TRANSISTOR,325,1666
1233,LED,272,1590
1234,LED,272,1667
1236,BUFFER,362,1692
1237,BUFFER,362,1629
1238,LED,350,1541
1239,BUFFER,273,1541
1240,BUFFER,272,1704
1243,LED,384,1629
1245,BUFFER,384,1705
1246,BUFFER,385,1541
1249,TRANSISTOR,724,1589
1251,TRANSISTOR,724,1665
1253,LED,671,1589
1254,LED,671,1666
1256,BUFFER,761,1691
1257,BUFFER,761,1628
1258,LED,749,1540
1259,BUFFER,672,1540
1260,BUFFER,671,1703
1263,LED,783,1628
1265,BUFFER,783,1704
1266,BUFFER,784,1540
1269,TRANSISTOR,873,1627
1270,TRANSISTOR,952,1627
1271,LED,812,1602
1272,LED,812,1650
1273,LED,1010,1627
1274,LED,913,1579
1275,BUFFER,913,1602
1276,BUFFER,898,1659
1286,BUFFER,977,1661
1287,BUFFER,993,1661
1289,BUFFER,993,1626
1290,BUFFER,832,1650
1291,BUFFER,832,1669
1292,BUFFER,928,1669
1293,BUFFER,848,1603
1294,BUFFER,813,1579
1295,BUFFER,812,1678
1296,BUFFER,1009,1678
1297,BUFFER,1010,1579
1298,LED,1144,1506
1299,LED,1144,1551
1300,LED,681,1173
1301,BUFFER,196,1170
1302,BUFFER,195,1737
1303,BUFFER,1143,1737
1304,BUFFER,1143,1172
1305,BUFFER,632,1666
1306,BUFFER,631,1723
1307,BUFFER,217,1723
1308,BUFFER,218,1572
1309,BUFFER,694,1356
1310,BUFFER,694,1531
1311,BUFFER,633,1531
1312,BUFFER,219,1483
1313,BUFFER,219,1313
1314,BUFFER,236,1483
1315,BUFFER,237,1667
1316,BUFFER,244,1529
1317,BUFFER,244,1358
1318,BUFFER,245,1589
1319,BUFFER,692,1334
1320,BUFFER,692,1312
1321,BUFFER,659,1589
1323,BUFFER,673,1334
1324,BUFFER,672,1506
1325,BUFFER,659,1506
1326,BUFFER,1124,1332
1327,BUFFER,1125,1506
1328,BUFFER,797,1629
1329,BUFFER,797,1603
1330,BUFFER,648,1630
1331,BUFFER,648,1722
1332,BUFFER,796,1723
1333,BUFFER,797,1650
1334,BUFFER,1124,1627
1335,BUFFER,1125,1552
1336,BUFFER,680,1187
1337,BUFFER,460,1187
1338,BUFFER,911,1187
1339,BUFFER,1115,1187
1340,BUFFER,1114,1532
1341,BUFFER,912,1532
1342,BUFFER,748,1530
1343,BUFFER,1113,1729
1344,BUFFER,402,1729
1345,BUFFER,403,1530
1346,BUFFER,350,1529
1357,TRANSISTOR,334,2046
1359,TRANSISTOR,334,2122
1361,LED,281,2046
1362,LED,281,2123
1367,BUFFER,282,1997
1368,BUFFER,281,2160
1375,TRANSISTOR,438,2085
1377,LED,394,1997
1378,BUFFER,359,1997
1379,BUFFER,463,1996
1381,LED,492,2050
1382,BUFFER,492,1995
1383,BUFFER,492,2161
1386,BUFFER,394,2160
1388,BUFFER,379,2146
1389,BUFFER,378,2085
1423,TRANSISTOR,354,1923
1424,TRANSISTOR,433,1923
1425,LED,293,1898
1426,LED,293,1946
1427,LED,491,1923
1428,LED,394,1875
1429,BUFFER,394,1898
1430,BUFFER,379,1955
1440,BUFFER,458,1957
1441,BUFFER,474,1957
1443,BUFFER,474,1922
1444,BUFFER,313,1946
1445,BUFFER,313,1965
1446,BUFFER,409,1965
1447,BUFFER,329,1899
1448,BUFFER,294,1875
1449,BUFFER,293,1974
1450,BUFFER,490,1974
1451,BUFFER,491,1875
1511,TRANSISTOR,571,1945
1513,TRANSISTOR,571,2021
1515,LED,518,1945
1516,LED,518,2022
1518,BUFFER,608,2047
1519,BUFFER,608,1984
1520,LED,596,1896
1521,BUFFER,519,1896
1522,BUFFER,518,2059
1525,LED,630,1984
1527,BUFFER,630,2060
1528,BUFFER,631,1896
1538,LED,261,1965
1539,LED,261,2008
1540,LED,653,1984
1541,LED,462,1853
1542,BUFFER,261,1854
1543,BUFFER,261,2172
1544,BUFFER,653,2173
1545,BUFFER,653,1852
1546,BUFFER,461,1865
1547,BUFFER,394,1865
1548,BUFFER,595,1866
1549,BUFFER,505,1866
1550,BUFFER,504,1986
1552,BUFFER,394,1986
1553,BUFFER,270,1965
1554,BUFFER,270,1898
1558,BUFFER,269,2046
1561,BUFFER,273,2123
1564,BUFFER,274,2008
1565,BUFFER,275,1947
1566,BUFFER,505,2049
1567,BUFFER,505,2022
1569,BUFFER,511,1924
1570,BUFFER,510,1946
1577,TRANSISTOR,786,2046
1579,TRANSISTOR,786,2122
1581,LED,733,2046
1582,LED,733,2123
1587,BUFFER,734,1997
1588,BUFFER,733,2160
1595,TRANSISTOR,890,2085
1597,LED,846,1997
1598,BUFFER,811,1997
1599,BUFFER,915,1996
1601,LED,944,2050
1602,BUFFER,944,1995
1603,BUFFER,944,2161
1606,BUFFER,846,2160
1608,BUFFER,831,2146
1609,BUFFER,830,2085
1643,TRANSISTOR,806,1923
1644,TRANSISTOR,885,1923
1645,LED,745,1898
1646,LED,745,1946
1647,LED,943,1923
1648,LED,846,1875
1649,BUFFER,846,1898
1650,BUFFER,831,1955
1660,BUFFER,910,1957
1661,BUFFER,926,1957
1663,BUFFER,926,1922
1664,BUFFER,765,1946
1665,BUFFER,765,1965
1666,BUFFER,861,1965
1667,BUFFER,781,1899
1668,BUFFER,746,1875
1669,BUFFER,745,1974
1670,BUFFER,942,1974
1671,BUFFER,943,1875
1731,TRANSISTOR,1023,1945
1733,TRANSISTOR,1023,2021
1735,LED,970,1945
1736,LED,970,2022
1738,BUFFER,1060,2047
1739,BUFFER,1060,1984
1740,LED,1048,1896
1741,BUFFER,971,1896
1742,BUFFER,970,2059
1745,LED,1082,1984
1747,BUFFER,1082,2060
1748,BUFFER,1083,1896
1758,LED,713,1965
1759,LED,713,2008
1760,LED,1105,1984
1761,LED,914,1853
1762,BUFFER,713,1854
1763,BUFFER,713,2172
1764,BUFFER,1105,2173
1765,BUFFER,1105,1852
1766,BUFFER,913,1865
1767,BUFFER,846,1865
1768,BUFFER,1047,1866
1769,BUFFER,957,1866
1770,BUFFER,956,1986
1772,BUFFER,846,1986
1773,BUFFER,722,1965
1774,BUFFER,722,1898
1778,BUFFER,721,2046
1781,BUFFER,725,2123
1784,BUFFER,726,2008
1785,BUFFER,727,1947
1786,BUFFER,957,2049
1787,BUFFER,957,2022
1789,BUFFER,963,1924
1790,BUFFER,962,1946
1791,LED,197,2135
1792,LED,197,2180
1793,LED,197,2224
1796,TRANSISTOR,327,2242
1798,TRANSISTOR,327,2318
1800,LED,274,2242
1801,LED,274,2319
1803,BUFFER,364,2344
1804,BUFFER,364,2281
1805,LED,352,2193
1806,BUFFER,275,2193
1807,BUFFER,274,2356
1810,LED,386,2281
1812,BUFFER,386,2357
1813,BUFFER,387,2193
1816,TRANSISTOR,726,2241
1818,TRANSISTOR,726,2317
1820,LED,673,2241
1821,LED,673,2318
1823,BUFFER,763,2343
1824,BUFFER,763,2280
1825,LED,751,2192
1826,BUFFER,674,2192
1827,BUFFER,673,2355
1830,LED,785,2280
1832,BUFFER,785,2356
1833,BUFFER,786,2192
1836,TRANSISTOR,875,2279
1837,TRANSISTOR,954,2279
1838,LED,814,2254
1839,LED,814,2302
1840,LED,1012,2279
1841,LED,915,2231
1842,BUFFER,915,2254
1843,BUFFER,900,2311
1853,BUFFER,979,2313
1854,BUFFER,995,2313
1856,BUFFER,995,2278
1857,BUFFER,834,2302
1858,BUFFER,834,2321
1859,BUFFER,930,2321
1860,BUFFER,850,2255
1861,BUFFER,815,2231
1862,BUFFER,814,2330
1863,BUFFER,1011,2330
1864,BUFFER,1012,2231
1865,LED,1146,2158
1866,LED,1146,2203
1867,LED,683,1825
1868,BUFFER,198,1822
1869,BUFFER,197,2389
1870,BUFFER,1145,2389
1871,BUFFER,1145,1824
1872,BUFFER,634,2318
1873,BUFFER,633,2375
1874,BUFFER,219,2375
1875,BUFFER,220,2224
1876,BUFFER,696,2008
1877,BUFFER,696,2183
1878,BUFFER,635,2183
1879,BUFFER,221,2135
1880,BUFFER,221,1965
1881,BUFFER,238,2135
1882,BUFFER,239,2319
1883,BUFFER,246,2181
1884,BUFFER,246,2010
1885,BUFFER,247,2241
1886,BUFFER,694,1986
1887,BUFFER,694,1964
1888,BUFFER,661,2241
1890,BUFFER,675,1986
1891,BUFFER,674,2158
1892,BUFFER,661,2158
1893,BUFFER,1126,1984
1894,BUFFER,1127,2158
1895,BUFFER,799,2281
1896,BUFFER,799,2255
1897,BUFFER,650,2282
1898,BUFFER,650,2374
1899,BUFFER,798,2375
1900,BUFFER,799,2302
1901,BUFFER,1126,2279
1902,BUFFER,1127,2204
1903,BUFFER,682,1839
1904,BUFFER,462,1839
1905,BUFFER,913,1839
1906,BUFFER,1117,1839
1907,BUFFER,1116,2184
1908,BUFFER,914,2184
1909,BUFFER,750,2182
1910,BUFFER,1115,2381
1911,BUFFER,404,2381
1912,BUFFER,405,2182
1913,BUFFER,352,2181
1920,GATED LATCH,609,2647
1921,GATED LATCH,535,2648
1922,GATED LATCH,686,2647
1923,GATED LATCH,757,2647
1924,GATED LATCH,836,2647
1925,GATED LATCH,460,2647
1926,GATED LATCH,383,2647
1927,GATED LATCH,306,2647
1928,LED,584,2582
1929,LED,511,2582
1930,LED,436,2582
1931,LED,359,2584
1932,LED,282,2585
1933,LED,660,2583
1934,LED,732,2583
1935,LED,810,2582
1937,LED,282,2706
1938,LED,359,2707
1939,LED,435,2706
1940,LED,510,2707
1941,LED,584,2707
1942,LED,660,2708
1943,LED,732,2706
1944,LED,812,2705
1945,LED,903,2647
1946,BUFFER,344,2647
1947,BUFFER,344,2691
1948,BUFFER,283,2691
1949,BUFFER,421,2647
1950,BUFFER,421,2693
1951,BUFFER,357,2692
1952,BUFFER,435,2693
1953,BUFFER,509,2694
1954,BUFFER,584,2694
1955,BUFFER,661,2694
1956,BUFFER,732,2695
1957,BUFFER,812,2694
1958,BUFFER,497,2693
1959,BUFFER,572,2692
1960,BUFFER,647,2693
1961,BUFFER,721,2693
1962,BUFFER,796,2694
1963,BUFFER,875,2647
1964,BUFFER,875,2694
1965,BUFFER,498,2647
1966,BUFFER,572,2647
1967,BUFFER,647,2646
1968,BUFFER,722,2647
1969,BUFFER,796,2647
1970,BUFFER,887,2646
1971,BUFFER,887,2682
1972,BUFFER,812,2683
1973,BUFFER,732,2683
1974,BUFFER,661,2683
1975,BUFFER,583,2684
1976,BUFFER,510,2683
1977,BUFFER,435,2682
1978,BUFFER,358,2682
1979,BUFFER,282,2683
1980,BUFFER,902,2580
1981,BUFFER,903,2705
1982,BUFFER,260,2707
1983,BUFFER,260,2583
2211,BUFFER,358,2563
2212,BUFFER,437,2555
2213,BUFFER,510,2545
2214,BUFFER,582,2536
2215,BUFFER,660,2527
2216,BUFFER,732,2519
2217,BUFFER,810,2508
2226,BUFFER,282,2568
2309,GATED LATCH,609,3123
2310,GATED LATCH,535,3124
2311,GATED LATCH,686,3123
2312,GATED LATCH,757,3123
2313,GATED LATCH,836,3123
2314,GATED LATCH,460,3123
2315,GATED LATCH,383,3123
2316,GATED LATCH,306,3123
2317,LED,584,3058
2318,LED,511,3058
2319,LED,436,3058
2320,LED,359,3060
2321,LED,282,3061
2322,LED,660,3059
2323,LED,732,3059
2324,LED,810,3058
2326,LED,282,3182
2327,LED,359,3183
2328,LED,435,3182
2329,LED,510,3183
2330,LED,584,3183
2331,LED,660,3184
2332,LED,732,3182
2333,LED,812,3181
2334,LED,903,3123
2335,BUFFER,344,3123
2336,BUFFER,344,3167
2337,BUFFER,283,3167
2338,BUFFER,421,3123
2339,BUFFER,421,3169
2340,BUFFER,357,3168
2341,BUFFER,435,3169
2342,BUFFER,509,3170
2343,BUFFER,584,3170
2344,BUFFER,661,3170
2345,BUFFER,732,3171
2346,BUFFER,812,3170
2347,BUFFER,497,3169
2348,BUFFER,572,3168
2349,BUFFER,647,3169
2350,BUFFER,721,3169
2351,BUFFER,796,3170
2352,BUFFER,875,3123
2353,BUFFER,875,3170
2354,BUFFER,498,3123
2355,BUFFER,572,3123
2356,BUFFER,647,3122
2357,BUFFER,722,3123
2358,BUFFER,796,3123
2359,BUFFER,887,3122
2360,BUFFER,887,3158
2361,BUFFER,812,3159
2362,BUFFER,732,3159
2363,BUFFER,661,3159
2364,BUFFER,583,3160
2365,BUFFER,510,3159
2366,BUFFER,435,3158
2367,BUFFER,358,3158
2368,BUFFER,282,3159
2369,BUFFER,902,3056
2370,BUFFER,903,3181
2371,BUFFER,260,3183
2372,BUFFER,260,3059
2600,BUFFER,358,3039
2601,BUFFER,437,3031
2602,BUFFER,510,3021
2603,BUFFER,582,3012
2604,BUFFER,660,3003
2605,BUFFER,732,2995
2606,BUFFER,810,2984
2615,BUFFER,282,3044
2692,LED,25,87
2693,LED,-230,88
2694,LED,-194,87
2701,LED,-157,87
2702,LED,-123,87
2703,LED,-78,87
2704,LED,-46,86
2705,LED,-11,87
2712,GATED LATCH,-666,878
2713,GATED LATCH,-740,879
2714,GATED LATCH,-589,878
2715,GATED LATCH,-518,878
2716,GATED LATCH,-439,878
2717,GATED LATCH,-815,878
2718,GATED LATCH,-892,878
2719,GATED LATCH,-969,878
2720,LED,-691,813
2721,LED,-764,813
2722,LED,-839,813
2723,LED,-916,815
2724,LED,-993,816
2725,LED,-615,814
2726,LED,-543,814
2727,LED,-465,813
2729,LED,-993,937
2730,LED,-916,938
2731,LED,-840,937
2732,LED,-765,938
2733,LED,-691,938
2734,LED,-615,939
2735,LED,-543,937
2736,LED,-463,936
2738,BUFFER,-931,878
2739,BUFFER,-931,922
2740,BUFFER,-992,922
2741,BUFFER,-854,878
2742,BUFFER,-854,924
2743,BUFFER,-918,923
2744,BUFFER,-840,924
2745,BUFFER,-766,925
2746,BUFFER,-691,925
2747,BUFFER,-614,925
2748,BUFFER,-543,926
2749,BUFFER,-463,925
2750,BUFFER,-778,924
2751,BUFFER,-703,923
2752,BUFFER,-628,924
2753,BUFFER,-554,924
2754,BUFFER,-479,925
2755,BUFFER,-400,878
2756,BUFFER,-400,925
2757,BUFFER,-777,878
2758,BUFFER,-703,878
2759,BUFFER,-628,877
2760,BUFFER,-553,878
2761,BUFFER,-479,878
2764,BUFFER,-463,914
2765,BUFFER,-543,914
2766,BUFFER,-614,914
2767,BUFFER,-692,915
2768,BUFFER,-765,914
2769,BUFFER,-840,913
2770,BUFFER,-917,913
2771,BUFFER,-993,914
2772,BUFFER,-373,811
2773,BUFFER,-372,936
2774,BUFFER,-1015,938
2775,BUFFER,-1015,814
3003,BUFFER,-917,794
3004,BUFFER,-838,786
3005,BUFFER,-765,776
3006,BUFFER,-693,767
3007,BUFFER,-615,758
3008,BUFFER,-543,750
3009,BUFFER,-465,739
3018,BUFFER,-993,799
3049,TRANSISTOR,-943,1019
3050,TRANSISTOR,-864,1018
3051,TRANSISTOR,-791,1016
3052,TRANSISTOR,-714,1016
3053,TRANSISTOR,-641,1017
3054,TRANSISTOR,-565,1015
3055,TRANSISTOR,-494,1015
3061,TRANSISTOR,-1018,1019
3063,BUFFER,-1043,967
3064,BUFFER,-969,967
3065,BUFFER,-889,965
3066,BUFFER,-816,964
3067,BUFFER,-739,965
3068,BUFFER,-667,964
3069,BUFFER,-591,964
3070,BUFFER,-519,967
3075,BUFFER,-993,1064
3078,BUFFER,-918,1068
3079,BUFFER,-839,1073
3080,BUFFER,-766,1077
3081,BUFFER,-691,1084
3082,BUFFER,-617,1090
3083,BUFFER,-541,1096
3084,BUFFER,-469,1103
3094,LED,-1081,965
3101,GATED LATCH,-634,2672
3102,GATED LATCH,-708,2673
3103,GATED LATCH,-557,2672
3104,GATED LATCH,-486,2672
3105,GATED LATCH,-407,2672
3106,GATED LATCH,-783,2672
3107,GATED LATCH,-860,2672
3108,GATED LATCH,-937,2672
3109,LED,-659,2607
3110,LED,-732,2607
3111,LED,-807,2607
3112,LED,-884,2609
3113,LED,-961,2610
3114,LED,-583,2608
3115,LED,-511,2608
3116,LED,-433,2607
3118,LED,-961,2731
3119,LED,-884,2732
3120,LED,-808,2731
3121,LED,-733,2732
3123,LED,-583,2733
3124,LED,-511,2731
3125,LED,-431,2730
3127,BUFFER,-899,2672
3128,BUFFER,-899,2716
3129,BUFFER,-960,2716
3130,BUFFER,-822,2672
3131,BUFFER,-822,2718
3132,BUFFER,-886,2717
3133,BUFFER,-808,2718
3134,BUFFER,-734,2719
3135,BUFFER,-659,2719
3136,BUFFER,-582,2719
3137,BUFFER,-511,2720
3138,BUFFER,-431,2719
3139,BUFFER,-746,2718
3140,BUFFER,-671,2717
3141,BUFFER,-596,2718
3142,BUFFER,-522,2718
3143,BUFFER,-447,2719
3144,BUFFER,-368,2672
3145,BUFFER,-368,2719
3146,BUFFER,-745,2672
3147,BUFFER,-671,2672
3148,BUFFER,-596,2671
3149,BUFFER,-521,2672
3150,BUFFER,-447,2672
3153,BUFFER,-431,2708
3154,BUFFER,-511,2708
3155,BUFFER,-582,2708
3156,BUFFER,-660,2709
3157,BUFFER,-733,2708
3158,BUFFER,-808,2707
3159,BUFFER,-885,2707
3160,BUFFER,-961,2708
3161,BUFFER,-341,2605
3162,BUFFER,-340,2730
3163,BUFFER,-983,2732
3164,BUFFER,-983,2608
3392,BUFFER,-885,2588
3393,BUFFER,-806,2580
3394,BUFFER,-733,2570
3395,BUFFER,-661,2561
3396,BUFFER,-583,2552
3397,BUFFER,-511,2544
3398,BUFFER,-433,2533
3407,BUFFER,-961,2593
3438,TRANSISTOR,-911,2813
3439,TRANSISTOR,-832,2812
3440,TRANSISTOR,-759,2810
3441,TRANSISTOR,-682,2810
3442,TRANSISTOR,-609,2811
3443,TRANSISTOR,-533,2809
3444,TRANSISTOR,-462,2809
3450,TRANSISTOR,-986,2813
3452,BUFFER,-1011,2761
3453,BUFFER,-937,2761
3454,BUFFER,-857,2759
3455,BUFFER,-784,2758
3456,BUFFER,-707,2759
3457,BUFFER,-635,2758
3458,BUFFER,-559,2758
3459,BUFFER,-487,2761
3464,BUFFER,-961,2858
3467,BUFFER,-886,2862
3468,BUFFER,-807,2867
3469,BUFFER,-734,2871
3470,BUFFER,-659,2878
3471,BUFFER,-585,2884
3472,BUFFER,-509,2890
3473,BUFFER,-437,2897
3483,LED,-1049,2759
3485,BUFFER,-199,-62
3486,BUFFER,24,-90
3487,BUFFER,-1178,-64
3488,BUFFER,-1208,-91
3489,BUFFER,1279,-92
3490,BUFFER,1236,-57
3497,BUFFER,-1217,869
3498,BUFFER,-1211,2663
3507,LED,583,411
3509,BUFFER,583,347
3510,BUFFER,582,472
3511,BUFFER,573,410
3512,BUFFER,572,448
3513,BUFFER,25,309
3514,BUFFER,-10,320
3515,BUFFER,-46,326
3516,BUFFER,-77,332
3517,BUFFER,25,610
3518,BUFFER,-11,606
3519,BUFFER,-45,600
3520,BUFFER,-79,597
3521,LED,581,497
3522,BUFFER,736,414
3523,BUFFER,736,497
3524,LED,899,946
3525,BUFFER,1028,856
3526,BUFFER,1028,946
3528,BUFFER,1015,2647
3531,BUFFER,1013,3123
3533,LED,-984,2671
3534,BUFFER,-970,2670
3535,BUFFER,-970,2707
3536,LED,-659,2731
3537,BUFFER,-1101,2670
3538,BUFFER,-1101,2760
3539,LED,-1016,875
3540,BUFFER,-1003,875
3541,BUFFER,-1002,914
3542,BUFFER,-1154,874
3543,BUFFER,-1153,967
3544,LED,232,3539
3545,LED,275,3539
3547,LED,313,3538
3548,LED,353,3539
3549,LED,388,3540
3550,LED,423,3540
3551,LED,464,3540
3552,LED,497,3540
3553,LED,535,3539
3554,LED,570,3539
3555,LED,602,3536
3556,LED,638,3536
3557,LED,680,3535
3558,LED,713,3533
3559,LED,749,3535
3560,LED,779,3535
3561,BUFFER,231,3566
3562,BUFFER,274,3579
3563,BUFFER,312,3592
3564,BUFFER,352,3605
3565,BUFFER,385,3616
3566,BUFFER,422,3627
3567,BUFFER,463,3640
3568,BUFFER,497,3652
3569,BUFFER,533,3663
3570,BUFFER,569,3675
3571,BUFFER,602,3686
3572,BUFFER,637,3697
3573,BUFFER,679,3706
3574,BUFFER,712,3717
3575,BUFFER,749,3728
3576,BUFFER,779,3740
3577,BUFFER,1281,3492
3578,BUFFER,777,3489
3579,BUFFER,747,3489
3580,BUFFER,711,3489
3581,BUFFER,679,3492
3582,BUFFER,637,3489
3583,BUFFER,601,3493
3584,BUFFER,568,3492
3585,BUFFER,534,3489
3586,BUFFER,497,3493
3587,BUFFER,461,3493
3588,BUFFER,421,3493
3589,BUFFER,386,3493
3590,BUFFER,350,3493
3591,BUFFER,312,3489
3592,BUFFER,272,3493
3593,BUFFER,233,3493
3594,BUFFER,1196,3739
3595,BUFFER,1165,3727
3596,BUFFER,1141,3716
3597,BUFFER,1112,3704
3598,BUFFER,1083,3696
3599,BUFFER,1060,3684
3600,BUFFER,1034,3675
3601,BUFFER,1012,3663
3602,BUFFER,992,3651
3603,BUFFER,969,3640
3604,BUFFER,-1199,3624
3605,BUFFER,-1224,3615
3606,BUFFER,-1247,3604
3607,BUFFER,-1265,3590
3608,BUFFER,-1284,3577
3609,BUFFER,-1306,3565
3610,BUFFER,1083,3120
3611,BUFFER,1059,2646
3622,TRANSISTOR,1368,1397
3624,TRANSISTOR,1368,1473
3626,LED,1315,1397
3627,LED,1315,1474
3632,BUFFER,1316,1348
3633,BUFFER,1315,1511
3640,TRANSISTOR,1472,1436
3642,LED,1428,1348
3643,BUFFER,1393,1348
3644,BUFFER,1497,1347
3646,LED,1526,1401
3647,BUFFER,1526,1346
3648,BUFFER,1526,1512
3651,BUFFER,1428,1511
3653,BUFFER,1413,1497
3654,BUFFER,1412,1436
3688,TRANSISTOR,1388,1274
3689,TRANSISTOR,1467,1274
3690,LED,1327,1249
3691,LED,1327,1297
3692,LED,1525,1274
3693,LED,1428,1226
3694,BUFFER,1428,1249
3695,BUFFER,1413,1306
3705,BUFFER,1492,1308
3706,BUFFER,1508,1308
3708,BUFFER,1508,1273
3709,BUFFER,1347,1297
3710,BUFFER,1347,1316
3711,BUFFER,1443,1316
3712,BUFFER,1363,1250
3713,BUFFER,1328,1226
3714,BUFFER,1327,1325
3715,BUFFER,1524,1325
3716,BUFFER,1525,1226
3776,TRANSISTOR,1605,1296
3778,TRANSISTOR,1605,1372
3780,LED,1552,1296
3781,LED,1552,1373
3783,BUFFER,1642,1398
3784,BUFFER,1642,1335
3785,LED,1630,1247
3786,BUFFER,1553,1247
3787,BUFFER,1552,1410
3790,LED,1664,1335
3792,BUFFER,1664,1411
3793,BUFFER,1665,1247
3803,LED,1295,1316
3804,LED,1295,1359
3805,LED,1687,1335
3806,LED,1496,1204
3807,BUFFER,1295,1205
3808,BUFFER,1295,1523
3809,BUFFER,1687,1524
3810,BUFFER,1687,1203
3811,BUFFER,1495,1216
3812,BUFFER,1428,1216
3813,BUFFER,1629,1217
3814,BUFFER,1539,1217
3815,BUFFER,1538,1337
3817,BUFFER,1428,1337
3818,BUFFER,1304,1316
3819,BUFFER,1304,1249
3823,BUFFER,1303,1397
3826,BUFFER,1307,1474
3829,BUFFER,1308,1359
3830,BUFFER,1309,1298
3831,BUFFER,1539,1400
3832,BUFFER,1539,1373
3834,BUFFER,1545,1275
3835,BUFFER,1544,1297
3842,TRANSISTOR,1820,1397
3844,TRANSISTOR,1820,1473
3846,LED,1767,1397
3847,LED,1767,1474
3852,BUFFER,1768,1348
3853,BUFFER,1767,1511
3860,TRANSISTOR,1924,1436
3862,LED,1880,1348
3863,BUFFER,1845,1348
3864,BUFFER,1949,1347
3866,LED,1978,1401
3867,BUFFER,1978,1346
3868,BUFFER,1978,1512
3871,BUFFER,1880,1511
3873,BUFFER,1865,1497
3874,BUFFER,1864,1436
3908,TRANSISTOR,1840,1274
3909,TRANSISTOR,1919,1274
3910,LED,1779,1249
3911,LED,1779,1297
3912,LED,1977,1274
3913,LED,1880,1226
3914,BUFFER,1880,1249
3915,BUFFER,1865,1306
3925,BUFFER,1944,1308
3926,BUFFER,1960,1308
3928,BUFFER,1960,1273
3929,BUFFER,1799,1297
3930,BUFFER,1799,1316
3931,BUFFER,1895,1316
3932,BUFFER,1815,1250
3933,BUFFER,1780,1226
3934,BUFFER,1779,1325
3935,BUFFER,1976,1325
3936,BUFFER,1977,1226
3996,TRANSISTOR,2057,1296
3998,TRANSISTOR,2057,1372
4000,LED,2004,1296
4001,LED,2004,1373
4003,BUFFER,2094,1398
4004,BUFFER,2094,1335
4005,LED,2082,1247
4006,BUFFER,2005,1247
4007,BUFFER,2004,1410
4010,LED,2116,1335
4012,BUFFER,2116,1411
4013,BUFFER,2117,1247
4023,LED,1747,1316
4024,LED,1747,1359
4025,LED,2139,1335
4026,LED,1948,1204
4027,BUFFER,1747,1205
4028,BUFFER,1747,1523
4029,BUFFER,2139,1524
4030,BUFFER,2139,1203
4031,BUFFER,1947,1216
4032,BUFFER,1880,1216
4033,BUFFER,2081,1217
4034,BUFFER,1991,1217
4035,BUFFER,1990,1337
4037,BUFFER,1880,1337
4038,BUFFER,1756,1316
4039,BUFFER,1756,1249
4043,BUFFER,1755,1397
4046,BUFFER,1759,1474
4049,BUFFER,1760,1359
4050,BUFFER,1761,1298
4051,BUFFER,1991,1400
4052,BUFFER,1991,1373
4054,BUFFER,1997,1275
4055,BUFFER,1996,1297
4056,LED,1231,1486
4057,LED,1231,1531
4058,LED,1231,1575
4061,TRANSISTOR,1361,1593
4063,TRANSISTOR,1361,1669
4065,LED,1308,1593
4066,LED,1308,1670
4068,BUFFER,1398,1695
4069,BUFFER,1398,1632
4070,LED,1386,1544
4071,BUFFER,1309,1544
4072,BUFFER,1308,1707
4075,LED,1420,1632
4077,BUFFER,1420,1708
4078,BUFFER,1421,1544
4081,TRANSISTOR,1760,1592
4083,TRANSISTOR,1760,1668
4085,LED,1707,1592
4086,LED,1707,1669
4088,BUFFER,1797,1694
4089,BUFFER,1797,1631
4090,LED,1785,1543
4091,BUFFER,1708,1543
4092,BUFFER,1707,1706
4095,LED,1819,1631
4097,BUFFER,1819,1707
4098,BUFFER,1820,1543
4101,TRANSISTOR,1909,1630
4102,TRANSISTOR,1988,1630
4103,LED,1848,1605
4104,LED,1848,1653
4105,LED,2046,1630
4106,LED,1949,1582
4107,BUFFER,1949,1605
4108,BUFFER,1934,1662
4118,BUFFER,2013,1664
4119,BUFFER,2029,1664
4121,BUFFER,2029,1629
4122,BUFFER,1868,1653
4123,BUFFER,1868,1672
4124,BUFFER,1964,1672
4125,BUFFER,1884,1606
4126,BUFFER,1849,1582
4127,BUFFER,1848,1681
4128,BUFFER,2045,1681
4129,BUFFER,2046,1582
4130,LED,2180,1509
4131,LED,2180,1554
4132,LED,1717,1176
4133,BUFFER,1232,1173
4134,BUFFER,1231,1740
4135,BUFFER,2179,1740
4136,BUFFER,2179,1175
4137,BUFFER,1668,1669
4138,BUFFER,1667,1726
4139,BUFFER,1253,1726
4140,BUFFER,1254,1575
4141,BUFFER,1730,1359
4142,BUFFER,1730,1534
4143,BUFFER,1669,1534
4144,BUFFER,1255,1486
4145,BUFFER,1255,1316
4146,BUFFER,1272,1486
4147,BUFFER,1273,1670
4148,BUFFER,1280,1532
4149,BUFFER,1280,1361
4150,BUFFER,1281,1592
4151,BUFFER,1728,1337
4152,BUFFER,1728,1315
4153,BUFFER,1695,1592
4155,BUFFER,1709,1337
4156,BUFFER,1708,1509
4157,BUFFER,1695,1509
4158,BUFFER,2160,1335
4159,BUFFER,2161,1509
4160,BUFFER,1833,1632
4161,BUFFER,1833,1606
4162,BUFFER,1684,1633
4163,BUFFER,1684,1725
4164,BUFFER,1832,1726
4165,BUFFER,1833,1653
4166,BUFFER,2160,1630
4167,BUFFER,2161,1555
4168,BUFFER,1716,1190
4169,BUFFER,1496,1190
4170,BUFFER,1947,1190
4171,BUFFER,2151,1190
4172,BUFFER,2150,1535
4173,BUFFER,1948,1535
4174,BUFFER,1784,1533
4175,BUFFER,2149,1732
4176,BUFFER,1438,1732
4177,BUFFER,1439,1533
4178,BUFFER,1386,1532
4189,TRANSISTOR,1368,2048
4191,TRANSISTOR,1368,2124
4193,LED,1315,2048
4194,LED,1315,2125
4199,BUFFER,1316,1999
4200,BUFFER,1315,2162
4207,TRANSISTOR,1472,2087
4209,LED,1428,1999
4210,BUFFER,1393,1999
4211,BUFFER,1497,1998
4213,LED,1526,2052
4214,BUFFER,1526,1997
4215,BUFFER,1526,2163
4218,BUFFER,1428,2162
4220,BUFFER,1413,2148
4221,BUFFER,1412,2087
4255,TRANSISTOR,1388,1925
4256,TRANSISTOR,1467,1925
4257,LED,1327,1900
4258,LED,1327,1948
4259,LED,1525,1925
4260,LED,1428,1877
4261,BUFFER,1428,1900
4262,BUFFER,1413,1957
4272,BUFFER,1492,1959
4273,BUFFER,1508,1959
4275,BUFFER,1508,1924
4276,BUFFER,1347,1948
4277,BUFFER,1347,1967
4278,BUFFER,1443,1967
4279,BUFFER,1363,1901
4280,BUFFER,1328,1877
4281,BUFFER,1327,1976
4282,BUFFER,1524,1976
4283,BUFFER,1525,1877
4343,TRANSISTOR,1605,1947
4345,TRANSISTOR,1605,2023
4347,LED,1552,1947
4348,LED,1552,2024
4350,BUFFER,1642,2049
4351,BUFFER,1642,1986
4352,LED,1630,1898
4353,BUFFER,1553,1898
4354,BUFFER,1552,2061
4357,LED,1664,1986
4359,BUFFER,1664,2062
4360,BUFFER,1665,1898
4370,LED,1295,1967
4371,LED,1295,2010
4372,LED,1687,1986
4373,LED,1496,1855
4374,BUFFER,1295,1856
4375,BUFFER,1295,2174
4376,BUFFER,1687,2175
4377,BUFFER,1687,1854
4378,BUFFER,1495,1867
4379,BUFFER,1428,1867
4380,BUFFER,1629,1868
4381,BUFFER,1539,1868
4382,BUFFER,1538,1988
4384,BUFFER,1428,1988
4385,BUFFER,1304,1967
4386,BUFFER,1304,1900
4390,BUFFER,1303,2048
4393,BUFFER,1307,2125
4396,BUFFER,1308,2010
4397,BUFFER,1309,1949
4398,BUFFER,1539,2051
4399,BUFFER,1539,2024
4401,BUFFER,1545,1926
4402,BUFFER,1544,1948
4409,TRANSISTOR,1820,2048
4411,TRANSISTOR,1820,2124
4413,LED,1767,2048
4414,LED,1767,2125
4419,BUFFER,1768,1999
4420,BUFFER,1767,2162
4427,TRANSISTOR,1924,2087
4429,LED,1880,1999
4430,BUFFER,1845,1999
4431,BUFFER,1949,1998
4433,LED,1978,2052
4434,BUFFER,1978,1997
4435,BUFFER,1978,2163
4438,BUFFER,1880,2162
4440,BUFFER,1865,2148
4441,BUFFER,1864,2087
4475,TRANSISTOR,1840,1925
4476,TRANSISTOR,1919,1925
4477,LED,1779,1900
4478,LED,1779,1948
4479,LED,1977,1925
4480,LED,1880,1877
4481,BUFFER,1880,1900
4482,BUFFER,1865,1957
4492,BUFFER,1944,1959
4493,BUFFER,1960,1959
4495,BUFFER,1960,1924
4496,BUFFER,1799,1948
4497,BUFFER,1799,1967
4498,BUFFER,1895,1967
4499,BUFFER,1815,1901
4500,BUFFER,1780,1877
4501,BUFFER,1779,1976
4502,BUFFER,1976,1976
4503,BUFFER,1977,1877
4563,TRANSISTOR,2057,1947
4565,TRANSISTOR,2057,2023
4567,LED,2004,1947
4568,LED,2004,2024
4570,BUFFER,2094,2049
4571,BUFFER,2094,1986
4572,LED,2082,1898
4573,BUFFER,2005,1898
4574,BUFFER,2004,2061
4577,LED,2116,1986
4579,BUFFER,2116,2062
4580,BUFFER,2117,1898
4590,LED,1747,1967
4591,LED,1747,2010
4592,LED,2139,1986
4593,LED,1948,1855
4594,BUFFER,1747,1856
4595,BUFFER,1747,2174
4596,BUFFER,2139,2175
4597,BUFFER,2139,1854
4598,BUFFER,1947,1867
4599,BUFFER,1880,1867
4600,BUFFER,2081,1868
4601,BUFFER,1991,1868
4602,BUFFER,1990,1988
4604,BUFFER,1880,1988
4605,BUFFER,1756,1967
4606,BUFFER,1756,1900
4610,BUFFER,1755,2048
4613,BUFFER,1759,2125
4616,BUFFER,1760,2010
4617,BUFFER,1761,1949
4618,BUFFER,1991,2051
4619,BUFFER,1991,2024
4621,BUFFER,1997,1926
4622,BUFFER,1996,1948
4623,LED,1231,2137
4624,LED,1231,2182
4625,LED,1231,2226
4628,TRANSISTOR,1361,2244
4630,TRANSISTOR,1361,2320
4632,LED,1308,2244
4633,LED,1308,2321
4635,BUFFER,1398,2346
4636,BUFFER,1398,2283
4637,LED,1386,2195
4638,BUFFER,1309,2195
4639,BUFFER,1308,2358
4642,LED,1420,2283
4644,BUFFER,1420,2359
4645,BUFFER,1421,2195
4648,TRANSISTOR,1760,2243
4650,TRANSISTOR,1760,2319
4652,LED,1707,2243
4653,LED,1707,2320
4655,BUFFER,1797,2345
4656,BUFFER,1797,2282
4657,LED,1785,2194
4658,BUFFER,1708,2194
4659,BUFFER,1707,2357
4662,LED,1819,2282
4664,BUFFER,1819,2358
4665,BUFFER,1820,2194
4668,TRANSISTOR,1909,2281
4669,TRANSISTOR,1988,2281
4670,LED,1848,2256
4671,LED,1848,2304
4672,LED,2046,2281
4673,LED,1949,2233
4674,BUFFER,1949,2256
4675,BUFFER,1934,2313
4685,BUFFER,2013,2315
4686,BUFFER,2029,2315
4688,BUFFER,2029,2280
4689,BUFFER,1868,2304
4690,BUFFER,1868,2323
4691,BUFFER,1964,2323
4692,BUFFER,1884,2257
4693,BUFFER,1849,2233
4694,BUFFER,1848,2332
4695,BUFFER,2045,2332
4696,BUFFER,2046,2233
4697,LED,2180,2160
4698,LED,2180,2205
4699,LED,1717,1827
4700,BUFFER,1232,1824
4701,BUFFER,1231,2391
4702,BUFFER,2179,2391
4703,BUFFER,2179,1826
4704,BUFFER,1668,2320
4705,BUFFER,1667,2377
4706,BUFFER,1253,2377
4707,BUFFER,1254,2226
4708,BUFFER,1730,2010
4709,BUFFER,1730,2185
4710,BUFFER,1669,2185
4711,BUFFER,1255,2137
4712,BUFFER,1255,1967
4713,BUFFER,1272,2137
4714,BUFFER,1273,2321
4715,BUFFER,1280,2183
4716,BUFFER,1280,2012
4717,BUFFER,1281,2243
4718,BUFFER,1728,1988
4719,BUFFER,1728,1966
4720,BUFFER,1695,2243
4722,BUFFER,1709,1988
4723,BUFFER,1708,2160
4724,BUFFER,1695,2160
4725,BUFFER,2160,1986
4726,BUFFER,2161,2160
4727,BUFFER,1833,2283
4728,BUFFER,1833,2257
4729,BUFFER,1684,2284
4730,BUFFER,1684,2376
4731,BUFFER,1832,2377
4732,BUFFER,1833,2304
4733,BUFFER,2160,2281
4734,BUFFER,2161,2206
4735,BUFFER,1716,1841
4736,BUFFER,1496,1841
4737,BUFFER,1947,1841
4738,BUFFER,2151,1841
4739,BUFFER,2150,2186
4740,BUFFER,1948,2186
4741,BUFFER,1784,2184
4742,BUFFER,2149,2383
4743,BUFFER,1438,2383
4744,BUFFER,1439,2184
4745,BUFFER,1386,2183
4756,TRANSISTOR,2399,1394
4758,TRANSISTOR,2399,1470
4760,LED,2346,1394
4761,LED,2346,1471
4766,BUFFER,2347,1345
4767,BUFFER,2346,1508
4774,TRANSISTOR,2503,1433
4776,LED,2459,1345
4777,BUFFER,2424,1345
4778,BUFFER,2528,1344
4780,LED,2557,1398
4781,BUFFER,2557,1343
4782,BUFFER,2557,1509
4785,BUFFER,2459,1508
4787,BUFFER,2444,1494
4788,BUFFER,2443,1433
4822,TRANSISTOR,2419,1271
4823,TRANSISTOR,2498,1271
4824,LED,2358,1246
4825,LED,2358,1294
4826,LED,2556,1271
4827,LED,2459,1223
4828,BUFFER,2459,1246
4829,BUFFER,2444,1303
4839,BUFFER,2523,1305
4840,BUFFER,2539,1305
4842,BUFFER,2539,1270
4843,BUFFER,2378,1294
4844,BUFFER,2378,1313
4845,BUFFER,2474,1313
4846,BUFFER,2394,1247
4847,BUFFER,2359,1223
4848,BUFFER,2358,1322
4849,BUFFER,2555,1322
4850,BUFFER,2556,1223
4910,TRANSISTOR,2636,1293
4912,TRANSISTOR,2636,1369
4914,LED,2583,1293
4915,LED,2583,1370
4917,BUFFER,2673,1395
4918,BUFFER,2673,1332
4919,LED,2661,1244
4920,BUFFER,2584,1244
4921,BUFFER,2583,1407
4924,LED,2695,1332
4926,BUFFER,2695,1408
4927,BUFFER,2696,1244
4937,LED,2326,1313
4938,LED,2326,1356
4939,LED,2718,1332
4940,LED,2527,1201
4941,BUFFER,2326,1202
4942,BUFFER,2326,1520
4943,BUFFER,2718,1521
4944,BUFFER,2718,1200
4945,BUFFER,2526,1213
4946,BUFFER,2459,1213
4947,BUFFER,2660,1214
4948,BUFFER,2570,1214
4949,BUFFER,2569,1334
4951,BUFFER,2459,1334
4952,BUFFER,2335,1313
4953,BUFFER,2335,1246
4957,BUFFER,2334,1394
4960,BUFFER,2338,1471
4963,BUFFER,2339,1356
4964,BUFFER,2340,1295
4965,BUFFER,2570,1397
4966,BUFFER,2570,1370
4968,BUFFER,2576,1272
4969,BUFFER,2575,1294
4976,TRANSISTOR,2851,1394
4978,TRANSISTOR,2851,1470
4980,LED,2798,1394
4981,LED,2798,1471
4986,BUFFER,2799,1345
4987,BUFFER,2798,1508
4994,TRANSISTOR,2955,1433
4996,LED,2911,1345
4997,BUFFER,2876,1345
4998,BUFFER,2980,1344
5000,LED,3009,1398
5001,BUFFER,3009,1343
5002,BUFFER,3009,1509
5005,BUFFER,2911,1508
5007,BUFFER,2896,1494
5008,BUFFER,2895,1433
5042,TRANSISTOR,2871,1271
5043,TRANSISTOR,2950,1271
5044,LED,2810,1246
5045,LED,2810,1294
5046,LED,3008,1271
5047,LED,2911,1223
5048,BUFFER,2911,1246
5049,BUFFER,2896,1303
5059,BUFFER,2975,1305
5060,BUFFER,2991,1305
5062,BUFFER,2991,1270
5063,BUFFER,2830,1294
5064,BUFFER,2830,1313
5065,BUFFER,2926,1313
5066,BUFFER,2846,1247
5067,BUFFER,2811,1223
5068,BUFFER,2810,1322
5069,BUFFER,3007,1322
5070,BUFFER,3008,1223
5130,TRANSISTOR,3088,1293
5132,TRANSISTOR,3088,1369
5134,LED,3035,1293
5135,LED,3035,1370
5137,BUFFER,3125,1395
5138,BUFFER,3125,1332
5139,LED,3113,1244
5140,BUFFER,3036,1244
5141,BUFFER,3035,1407
5144,LED,3147,1332
5146,BUFFER,3147,1408
5147,BUFFER,3148,1244
5157,LED,2778,1313
5158,LED,2778,1356
5159,LED,3170,1332
5160,LED,2979,1201
5161,BUFFER,2778,1202
5162,BUFFER,2778,1520
5163,BUFFER,3170,1521
5164,BUFFER,3170,1200
5165,BUFFER,2978,1213
5166,BUFFER,2911,1213
5167,BUFFER,3112,1214
5168,BUFFER,3022,1214
5169,BUFFER,3021,1334
5171,BUFFER,2911,1334
5172,BUFFER,2787,1313
5173,BUFFER,2787,1246
5177,BUFFER,2786,1394
5180,BUFFER,2790,1471
5183,BUFFER,2791,1356
5184,BUFFER,2792,1295
5185,BUFFER,3022,1397
5186,BUFFER,3022,1370
5188,BUFFER,3028,1272
5189,BUFFER,3027,1294
5190,LED,2262,1483
5191,LED,2262,1528
5192,LED,2262,1572
5195,TRANSISTOR,2392,1590
5197,TRANSISTOR,2392,1666
5199,LED,2339,1590
5200,LED,2339,1667
5202,BUFFER,2429,1692
5203,BUFFER,2429,1629
5204,LED,2417,1541
5205,BUFFER,2340,1541
5206,BUFFER,2339,1704
5209,LED,2451,1629
5211,BUFFER,2451,1705
5212,BUFFER,2452,1541
5215,TRANSISTOR,2791,1589
5217,TRANSISTOR,2791,1665
5219,LED,2738,1589
5220,LED,2738,1666
5222,BUFFER,2828,1691
5223,BUFFER,2828,1628
5224,LED,2816,1540
5225,BUFFER,2739,1540
5226,BUFFER,2738,1703
5229,LED,2850,1628
5231,BUFFER,2850,1704
5232,BUFFER,2851,1540
5235,TRANSISTOR,2940,1627
5236,TRANSISTOR,3019,1627
5237,LED,2879,1602
5238,LED,2879,1650
5239,LED,3077,1627
5240,LED,2980,1579
5241,BUFFER,2980,1602
5242,BUFFER,2965,1659
5252,BUFFER,3044,1661
5253,BUFFER,3060,1661
5255,BUFFER,3060,1626
5256,BUFFER,2899,1650
5257,BUFFER,2899,1669
5258,BUFFER,2995,1669
5259,BUFFER,2915,1603
5260,BUFFER,2880,1579
5261,BUFFER,2879,1678
5262,BUFFER,3076,1678
5263,BUFFER,3077,1579
5264,LED,3211,1506
5265,LED,3211,1551
5266,LED,2748,1173
5267,BUFFER,2263,1170
5268,BUFFER,2262,1737
5269,BUFFER,3210,1737
5270,BUFFER,3210,1172
5271,BUFFER,2699,1666
5272,BUFFER,2698,1723
5273,BUFFER,2284,1723
5274,BUFFER,2285,1572
5275,BUFFER,2761,1356
5276,BUFFER,2761,1531
5277,BUFFER,2700,1531
5278,BUFFER,2286,1483
5279,BUFFER,2286,1313
5280,BUFFER,2303,1483
5281,BUFFER,2304,1667
5282,BUFFER,2311,1529
5283,BUFFER,2311,1358
5284,BUFFER,2312,1589
5285,BUFFER,2759,1334
5286,BUFFER,2759,1312
5287,BUFFER,2726,1589
5289,BUFFER,2740,1334
5290,BUFFER,2739,1506
5291,BUFFER,2726,1506
5292,BUFFER,3191,1332
5293,BUFFER,3192,1506
5294,BUFFER,2864,1629
5295,BUFFER,2864,1603
5296,BUFFER,2715,1630
5297,BUFFER,2715,1722
5298,BUFFER,2863,1723
5299,BUFFER,2864,1650
5300,BUFFER,3191,1627
5301,BUFFER,3192,1552
5302,BUFFER,2747,1187
5303,BUFFER,2527,1187
5304,BUFFER,2978,1187
5305,BUFFER,3182,1187
5306,BUFFER,3181,1532
5307,BUFFER,2979,1532
5308,BUFFER,2815,1530
5309,BUFFER,3180,1729
5310,BUFFER,2469,1729
5311,BUFFER,2470,1530
5312,BUFFER,2417,1529
5323,TRANSISTOR,2396,2048
5325,TRANSISTOR,2396,2124
5327,LED,2343,2048
5328,LED,2343,2125
5333,BUFFER,2344,1999
5334,BUFFER,2343,2162
5341,TRANSISTOR,2500,2087
5343,LED,2456,1999
5344,BUFFER,2421,1999
5345,BUFFER,2525,1998
5347,LED,2554,2052
5348,BUFFER,2554,1997
5349,BUFFER,2554,2163
5352,BUFFER,2456,2162
5354,BUFFER,2441,2148
5355,BUFFER,2440,2087
5389,TRANSISTOR,2416,1925
5390,TRANSISTOR,2495,1925
5391,LED,2355,1900
5392,LED,2355,1948
5393,LED,2553,1925
5394,LED,2456,1877
5395,BUFFER,2456,1900
5396,BUFFER,2441,1957
5406,BUFFER,2520,1959
5407,BUFFER,2536,1959
5409,BUFFER,2536,1924
5410,BUFFER,2375,1948
5411,BUFFER,2375,1967
5412,BUFFER,2471,1967
5413,BUFFER,2391,1901
5414,BUFFER,2356,1877
5415,BUFFER,2355,1976
5416,BUFFER,2552,1976
5417,BUFFER,2553,1877
5477,TRANSISTOR,2633,1947
5479,TRANSISTOR,2633,2023
5481,LED,2580,1947
5482,LED,2580,2024
5484,BUFFER,2670,2049
5485,BUFFER,2670,1986
5486,LED,2658,1898
5487,BUFFER,2581,1898
5488,BUFFER,2580,2061
5491,LED,2692,1986
5493,BUFFER,2692,2062
5494,BUFFER,2693,1898
5504,LED,2323,1967
5505,LED,2323,2010
5506,LED,2715,1986
5507,LED,2524,1855
5508,BUFFER,2323,1856
5509,BUFFER,2323,2174
5510,BUFFER,2715,2175
5511,BUFFER,2715,1854
5512,BUFFER,2523,1867
5513,BUFFER,2456,1867
5514,BUFFER,2657,1868
5515,BUFFER,2567,1868
5516,BUFFER,2566,1988
5518,BUFFER,2456,1988
5519,BUFFER,2332,1967
5520,BUFFER,2332,1900
5524,BUFFER,2331,2048
5527,BUFFER,2335,2125
5530,BUFFER,2336,2010
5531,BUFFER,2337,1949
5532,BUFFER,2567,2051
5533,BUFFER,2567,2024
5535,BUFFER,2573,1926
5536,BUFFER,2572,1948
5543,TRANSISTOR,2848,2048
5545,TRANSISTOR,2848,2124
5547,LED,2795,2048
5548,LED,2795,2125
5553,BUFFER,2796,1999
5554,BUFFER,2795,2162
5561,TRANSISTOR,2952,2087
5563,LED,2908,1999
5564,BUFFER,2873,1999
5565,BUFFER,2977,1998
5567,LED,3006,2052
5568,BUFFER,3006,1997
5569,BUFFER,3006,2163
5572,BUFFER,2908,2162
5574,BUFFER,2893,2148
5575,BUFFER,2892,2087
5609,TRANSISTOR,2868,1925
5610,TRANSISTOR,2947,1925
5611,LED,2807,1900
5612,LED,2807,1948
5613,LED,3005,1925
5614,LED,2908,1877
5615,BUFFER,2908,1900
5616,BUFFER,2893,1957
5626,BUFFER,2972,1959
5627,BUFFER,2988,1959
5629,BUFFER,2988,1924
5630,BUFFER,2827,1948
5631,BUFFER,2827,1967
5632,BUFFER,2923,1967
5633,BUFFER,2843,1901
5634,BUFFER,2808,1877
5635,BUFFER,2807,1976
5636,BUFFER,3004,1976
5637,BUFFER,3005,1877
5697,TRANSISTOR,3085,1947
5699,TRANSISTOR,3085,2023
5701,LED,3032,1947
5702,LED,3032,2024
5704,BUFFER,3122,2049
5705,BUFFER,3122,1986
5706,LED,3110,1898
5707,BUFFER,3033,1898
5708,BUFFER,3032,2061
5711,LED,3144,1986
5713,BUFFER,3144,2062
5714,BUFFER,3145,1898
5724,LED,2775,1967
5725,LED,2775,2010
5726,LED,3167,1986
5727,LED,2976,1855
5728,BUFFER,2775,1856
5729,BUFFER,2775,2174
5730,BUFFER,3167,2175
5731,BUFFER,3167,1854
5732,BUFFER,2975,1867
5733,BUFFER,2908,1867
5734,BUFFER,3109,1868
5735,BUFFER,3019,1868
5736,BUFFER,3018,1988
5738,BUFFER,2908,1988
5739,BUFFER,2784,1967
5740,BUFFER,2784,1900
5744,BUFFER,2783,2048
5747,BUFFER,2787,2125
5750,BUFFER,2788,2010
5751,BUFFER,2789,1949
5752,BUFFER,3019,2051
5753,BUFFER,3019,2024
5755,BUFFER,3025,1926
5756,BUFFER,3024,1948
5757,LED,2259,2137
5758,LED,2259,2182
5759,LED,2259,2226
5762,TRANSISTOR,2389,2244
5764,TRANSISTOR,2389,2320
5766,LED,2336,2244
5767,LED,2336,2321
5769,BUFFER,2426,2346
5770,BUFFER,2426,2283
5771,LED,2414,2195
5772,BUFFER,2337,2195
5773,BUFFER,2336,2358
5776,LED,2448,2283
5778,BUFFER,2448,2359
5779,BUFFER,2449,2195
5782,TRANSISTOR,2788,2243
5784,TRANSISTOR,2788,2319
5786,LED,2735,2243
5787,LED,2735,2320
5789,BUFFER,2825,2345
5790,BUFFER,2825,2282
5791,LED,2813,2194
5792,BUFFER,2736,2194
5793,BUFFER,2735,2357
5796,LED,2847,2282
5798,BUFFER,2847,2358
5799,BUFFER,2848,2194
5802,TRANSISTOR,2937,2281
5803,TRANSISTOR,3016,2281
5804,LED,2876,2256
5805,LED,2876,2304
5806,LED,3074,2281
5807,LED,2977,2233
5808,BUFFER,2977,2256
5809,BUFFER,2962,2313
5819,BUFFER,3041,2315
5820,BUFFER,3057,2315
5822,BUFFER,3057,2280
5823,BUFFER,2896,2304
5824,BUFFER,2896,2323
5825,BUFFER,2992,2323
5826,BUFFER,2912,2257
5827,BUFFER,2877,2233
5828,BUFFER,2876,2332
5829,BUFFER,3073,2332
5830,BUFFER,3074,2233
5831,LED,3208,2160
5832,LED,3208,2205
5833,LED,2745,1827
5834,BUFFER,2260,1824
5835,BUFFER,2259,2391
5836,BUFFER,3207,2391
5837,BUFFER,3207,1826
5838,BUFFER,2696,2320
5839,BUFFER,2695,2377
5840,BUFFER,2281,2377
5841,BUFFER,2282,2226
5842,BUFFER,2758,2010
5843,BUFFER,2758,2185
5844,BUFFER,2697,2185
5845,BUFFER,2283,2137
5846,BUFFER,2283,1967
5847,BUFFER,2300,2137
5848,BUFFER,2301,2321
5849,BUFFER,2308,2183
5850,BUFFER,2308,2012
5851,BUFFER,2309,2243
5852,BUFFER,2756,1988
5853,BUFFER,2756,1966
5854,BUFFER,2723,2243
5856,BUFFER,2737,1988
5857,BUFFER,2736,2160
5858,BUFFER,2723,2160
5859,BUFFER,3188,1986
5860,BUFFER,3189,2160
5861,BUFFER,2861,2283
5862,BUFFER,2861,2257
5863,BUFFER,2712,2284
5864,BUFFER,2712,2376
5865,BUFFER,2860,2377
5866,BUFFER,2861,2304
5867,BUFFER,3188,2281
5868,BUFFER,3189,2206
5869,BUFFER,2744,1841
5870,BUFFER,2524,1841
5871,BUFFER,2975,1841
5872,BUFFER,3179,1841
5873,BUFFER,3178,2186
5874,BUFFER,2976,2186
5875,BUFFER,2812,2184
5876,BUFFER,3177,2383
5877,BUFFER,2466,2383
5878,BUFFER,2467,2184
5879,BUFFER,2414,2183
5890,TRANSISTOR,3427,1394
5892,TRANSISTOR,3427,1470
5894,LED,3374,1394
5895,LED,3374,1471
5900,BUFFER,3375,1345
5901,BUFFER,3374,1508
5908,TRANSISTOR,3531,1433
5910,LED,3487,1345
5911,BUFFER,3452,1345
5912,BUFFER,3556,1344
5914,LED,3585,1398
5915,BUFFER,3585,1343
5916,BUFFER,3585,1509
5919,BUFFER,3487,1508
5921,BUFFER,3472,1494
5922,BUFFER,3471,1433
5956,TRANSISTOR,3447,1271
5957,TRANSISTOR,3526,1271
5958,LED,3386,1246
5959,LED,3386,1294
5960,LED,3584,1271
5961,LED,3487,1223
5962,BUFFER,3487,1246
5963,BUFFER,3472,1303
5973,BUFFER,3551,1305
5974,BUFFER,3567,1305
5976,BUFFER,3567,1270
5977,BUFFER,3406,1294
5978,BUFFER,3406,1313
5979,BUFFER,3502,1313
5980,BUFFER,3422,1247
5981,BUFFER,3387,1223
5982,BUFFER,3386,1322
5983,BUFFER,3583,1322
5984,BUFFER,3584,1223
6044,TRANSISTOR,3664,1293
6046,TRANSISTOR,3664,1369
6048,LED,3611,1293
6049,LED,3611,1370
6051,BUFFER,3701,1395
6052,BUFFER,3701,1332
6053,LED,3689,1244
6054,BUFFER,3612,1244
6055,BUFFER,3611,1407
6058,LED,3723,1332
6060,BUFFER,3723,1408
6061,BUFFER,3724,1244
6071,LED,3354,1313
6072,LED,3354,1356
6073,LED,3746,1332
6074,LED,3555,1201
6075,BUFFER,3354,1202
6076,BUFFER,3354,1520
6077,BUFFER,3746,1521
6078,BUFFER,3746,1200
6079,BUFFER,3554,1213
6080,BUFFER,3487,1213
6081,BUFFER,3688,1214
6082,BUFFER,3598,1214
6083,BUFFER,3597,1334
6085,BUFFER,3487,1334
6086,BUFFER,3363,1313
6087,BUFFER,3363,1246
6091,BUFFER,3362,1394
6094,BUFFER,3366,1471
6097,BUFFER,3367,1356
6098,BUFFER,3368,1295
6099,BUFFER,3598,1397
6100,BUFFER,3598,1370
6102,BUFFER,3604,1272
6103,BUFFER,3603,1294
6110,TRANSISTOR,3879,1394
6112,TRANSISTOR,3879,1470
6114,LED,3826,1394
6115,LED,3826,1471
6120,BUFFER,3827,1345
6121,BUFFER,3826,1508
6128,TRANSISTOR,3983,1433
6130,LED,3939,1345
6131,BUFFER,3904,1345
6132,BUFFER,4008,1344
6134,LED,4037,1398
6135,BUFFER,4037,1343
6136,BUFFER,4037,1509
6139,BUFFER,3939,1508
6141,BUFFER,3924,1494
6142,BUFFER,3923,1433
6176,TRANSISTOR,3899,1271
6177,TRANSISTOR,3978,1271
6178,LED,3838,1246
6179,LED,3838,1294
6180,LED,4036,1271
6181,LED,3939,1223
6182,BUFFER,3939,1246
6183,BUFFER,3924,1303
6193,BUFFER,4003,1305
6194,BUFFER,4019,1305
6196,BUFFER,4019,1270
6197,BUFFER,3858,1294
6198,BUFFER,3858,1313
6199,BUFFER,3954,1313
6200,BUFFER,3874,1247
6201,BUFFER,3839,1223
6202,BUFFER,3838,1322
6203,BUFFER,4035,1322
6204,BUFFER,4036,1223
6264,TRANSISTOR,4116,1293
6266,TRANSISTOR,4116,1369
6268,LED,4063,1293
6269,LED,4063,1370
6271,BUFFER,4153,1395
6272,BUFFER,4153,1332
6273,LED,4141,1244
6274,BUFFER,4064,1244
6275,BUFFER,4063,1407
6278,LED,4175,1332
6280,BUFFER,4175,1408
6281,BUFFER,4176,1244
6291,LED,3806,1313
6292,LED,3806,1356
6293,LED,4198,1332
6294,LED,4007,1201
6295,BUFFER,3806,1202
6296,BUFFER,3806,1520
6297,BUFFER,4198,1521
6298,BUFFER,4198,1200
6299,BUFFER,4006,1213
6300,BUFFER,3939,1213
6301,BUFFER,4140,1214
6302,BUFFER,4050,1214
6303,BUFFER,4049,1334
6305,BUFFER,3939,1334
6306,BUFFER,3815,1313
6307,BUFFER,3815,1246
6311,BUFFER,3814,1394
6314,BUFFER,3818,1471
6317,BUFFER,3819,1356
6318,BUFFER,3820,1295
6319,BUFFER,4050,1397
6320,BUFFER,4050,1370
6322,BUFFER,4056,1272
6323,BUFFER,4055,1294
6324,LED,3290,1483
6325,LED,3290,1528
6326,LED,3290,1572
6329,TRANSISTOR,3420,1590
6331,TRANSISTOR,3420,1666
6333,LED,3367,1590
6334,LED,3367,1667
6336,BUFFER,3457,1692
6337,BUFFER,3457,1629
6338,LED,3445,1541
6339,BUFFER,3368,1541
6340,BUFFER,3367,1704
6343,LED,3479,1629
6345,BUFFER,3479,1705
6346,BUFFER,3480,1541
6349,TRANSISTOR,3819,1589
6351,TRANSISTOR,3819,1665
6353,LED,3766,1589
6354,LED,3766,1666
6356,BUFFER,3856,1691
6357,BUFFER,3856,1628
6358,LED,3844,1540
6359,BUFFER,3767,1540
6360,BUFFER,3766,1703
6363,LED,3878,1628
6365,BUFFER,3878,1704
6366,BUFFER,3879,1540
6369,TRANSISTOR,3968,1627
6370,TRANSISTOR,4047,1627
6371,LED,3907,1602
6372,LED,3907,1650
6373,LED,4105,1627
6374,LED,4008,1579
6375,BUFFER,4008,1602
6376,BUFFER,3993,1659
6386,BUFFER,4072,1661
6387,BUFFER,4088,1661
6389,BUFFER,4088,1626
6390,BUFFER,3927,1650
6391,BUFFER,3927,1669
6392,BUFFER,4023,1669
6393,BUFFER,3943,1603
6394,BUFFER,3908,1579
6395,BUFFER,3907,1678
6396,BUFFER,4104,1678
6397,BUFFER,4105,1579
6398,LED,4239,1506
6399,LED,4239,1551
6400,LED,3776,1173
6401,BUFFER,3291,1170
6402,BUFFER,3290,1737
6403,BUFFER,4238,1737
6404,BUFFER,4238,1172
6405,BUFFER,3727,1666
6406,BUFFER,3726,1723
6407,BUFFER,3312,1723
6408,BUFFER,3313,1572
6409,BUFFER,3789,1356
6410,BUFFER,3789,1531
6411,BUFFER,3728,1531
6412,BUFFER,3314,1483
6413,BUFFER,3314,1313
6414,BUFFER,3331,1483
6415,BUFFER,3332,1667
6416,BUFFER,3339,1529
6417,BUFFER,3339,1358
6418,BUFFER,3340,1589
6419,BUFFER,3787,1334
6420,BUFFER,3787,1312
6421,BUFFER,3754,1589
6423,BUFFER,3768,1334
6424,BUFFER,3767,1506
6425,BUFFER,3754,1506
6426,BUFFER,4219,1332
6427,BUFFER,4220,1506
6428,BUFFER,3892,1629
6429,BUFFER,3892,1603
6430,BUFFER,3743,1630
6431,BUFFER,3743,1722
6432,BUFFER,3891,1723
6433,BUFFER,3892,1650
6434,BUFFER,4219,1627
6435,BUFFER,4220,1552
6436,BUFFER,3775,1187
6437,BUFFER,3555,1187
6438,BUFFER,4006,1187
6439,BUFFER,4210,1187
6440,BUFFER,4209,1532
6441,BUFFER,4007,1532
6442,BUFFER,3843,1530
6443,BUFFER,4208,1729
6444,BUFFER,3497,1729
6445,BUFFER,3498,1530
6446,BUFFER,3445,1529
6457,TRANSISTOR,3427,2048
6459,TRANSISTOR,3427,2124
6461,LED,3374,2048
6462,LED,3374,2125
6467,BUFFER,3375,1999
6468,BUFFER,3374,2162
6475,TRANSISTOR,3531,2087
6477,LED,3487,1999
6478,BUFFER,3452,1999
6479,BUFFER,3556,1998
6481,LED,3585,2052
6482,BUFFER,3585,1997
6483,BUFFER,3585,2163
6486,BUFFER,3487,2162
6488,BUFFER,3472,2148
6489,BUFFER,3471,2087
6523,TRANSISTOR,3447,1925
6524,TRANSISTOR,3526,1925
6525,LED,3386,1900
6526,LED,3386,1948
6527,LED,3584,1925
6528,LED,3487,1877
6529,BUFFER,3487,1900
6530,BUFFER,3472,1957
6540,BUFFER,3551,1959
6541,BUFFER,3567,1959
6543,BUFFER,3567,1924
6544,BUFFER,3406,1948
6545,BUFFER,3406,1967
6546,BUFFER,3502,1967
6547,BUFFER,3422,1901
6548,BUFFER,3387,1877
6549,BUFFER,3386,1976
6550,BUFFER,3583,1976
6551,BUFFER,3584,1877
6611,TRANSISTOR,3664,1947
6613,TRANSISTOR,3664,2023
6615,LED,3611,1947
6616,LED,3611,2024
6618,BUFFER,3701,2049
6619,BUFFER,3701,1986
6620,LED,3689,1898
6621,BUFFER,3612,1898
6622,BUFFER,3611,2061
6625,LED,3723,1986
6627,BUFFER,3723,2062
6628,BUFFER,3724,1898
6638,LED,3354,1967
6639,LED,3354,2010
6640,LED,3746,1986
6641,LED,3555,1855
6642,BUFFER,3354,1856
6643,BUFFER,3354,2174
6644,BUFFER,3746,2175
6645,BUFFER,3746,1854
6646,BUFFER,3554,1867
6647,BUFFER,3487,1867
6648,BUFFER,3688,1868
6649,BUFFER,3598,1868
6650,BUFFER,3597,1988
6652,BUFFER,3487,1988
6653,BUFFER,3363,1967
6654,BUFFER,3363,1900
6658,BUFFER,3362,2048
6661,BUFFER,3366,2125
6664,BUFFER,3367,2010
6665,BUFFER,3368,1949
6666,BUFFER,3598,2051
6667,BUFFER,3598,2024
6669,BUFFER,3604,1926
6670,BUFFER,3603,1948
6677,TRANSISTOR,3879,2048
6679,TRANSISTOR,3879,2124
6681,LED,3826,2048
6682,LED,3826,2125
6687,BUFFER,3827,1999
6688,BUFFER,3826,2162
6695,TRANSISTOR,3983,2087
6697,LED,3939,1999
6698,BUFFER,3904,1999
6699,BUFFER,4008,1998
6701,LED,4037,2052
6702,BUFFER,4037,1997
6703,BUFFER,4037,2163
6706,BUFFER,3939,2162
6708,BUFFER,3924,2148
6709,BUFFER,3923,2087
6743,TRANSISTOR,3899,1925
6744,TRANSISTOR,3978,1925
6745,LED,3838,1900
6746,LED,3838,1948
6747,LED,4036,1925
6748,LED,3939,1877
6749,BUFFER,3939,1900
6750,BUFFER,3924,1957
6760,BUFFER,4003,1959
6761,BUFFER,4019,1959
6763,BUFFER,4019,1924
6764,BUFFER,3858,1948
6765,BUFFER,3858,1967
6766,BUFFER,3954,1967
6767,BUFFER,3874,1901
6768,BUFFER,3839,1877
6769,BUFFER,3838,1976
6770,BUFFER,4035,1976
6771,BUFFER,4036,1877
6831,TRANSISTOR,4116,1947
6833,TRANSISTOR,4116,2023
6835,LED,4063,1947
6836,LED,4063,2024
6838,BUFFER,4153,2049
6839,BUFFER,4153,1986
6840,LED,4141,1898
6841,BUFFER,4064,1898
6842,BUFFER,4063,2061
6845,LED,4175,1986
6847,BUFFER,4175,2062
6848,BUFFER,4176,1898
6858,LED,3806,1967
6859,LED,3806,2010
6860,LED,4198,1986
6861,LED,4007,1855
6862,BUFFER,3806,1856
6863,BUFFER,3806,2174
6864,BUFFER,4198,2175
6865,BUFFER,4198,1854
6866,BUFFER,4006,1867
6867,BUFFER,3939,1867
6868,BUFFER,4140,1868
6869,BUFFER,4050,1868
6870,BUFFER,4049,1988
6872,BUFFER,3939,1988
6873,BUFFER,3815,1967
6874,BUFFER,3815,1900
6878,BUFFER,3814,2048
6881,BUFFER,3818,2125
6884,BUFFER,3819,2010
6885,BUFFER,3820,1949
6886,BUFFER,4050,2051
6887,BUFFER,4050,2024
6889,BUFFER,4056,1926
6890,BUFFER,4055,1948
6891,LED,3290,2137
6892,LED,3290,2182
6893,LED,3290,2226
6896,TRANSISTOR,3420,2244
6898,TRANSISTOR,3420,2320
6900,LED,3367,2244
6901,LED,3367,2321
6903,BUFFER,3457,2346
6904,BUFFER,3457,2283
6905,LED,3445,2195
6906,BUFFER,3368,2195
6907,BUFFER,3367,2358
6910,LED,3479,2283
6912,BUFFER,3479,2359
6913,BUFFER,3480,2195
6916,TRANSISTOR,3819,2243
6918,TRANSISTOR,3819,2319
6920,LED,3766,2243
6921,LED,3766,2320
6923,BUFFER,3856,2345
6924,BUFFER,3856,2282
6925,LED,3844,2194
6926,BUFFER,3767,2194
6927,BUFFER,3766,2357
6930,LED,3878,2282
6932,BUFFER,3878,2358
6933,BUFFER,3879,2194
6936,TRANSISTOR,3968,2281
6937,TRANSISTOR,4047,2281
6938,LED,3907,2256
6939,LED,3907,2304
6940,LED,4105,2281
6941,LED,4008,2233
6942,BUFFER,4008,2256
6943,BUFFER,3993,2313
6953,BUFFER,4072,2315
6954,BUFFER,4088,2315
6956,BUFFER,4088,2280
6957,BUFFER,3927,2304
6958,BUFFER,3927,2323
6959,BUFFER,4023,2323
6960,BUFFER,3943,2257
6961,BUFFER,3908,2233
6962,BUFFER,3907,2332
6963,BUFFER,4104,2332
6964,BUFFER,4105,2233
6965,LED,4239,2160
6966,LED,4239,2205
6967,LED,3776,1827
6968,BUFFER,3291,1824
6969,BUFFER,3290,2391
6970,BUFFER,4238,2391
6971,BUFFER,4238,1826
6972,BUFFER,3727,2320
6973,BUFFER,3726,2377
6974,BUFFER,3312,2377
6975,BUFFER,3313,2226
6976,BUFFER,3789,2010
6977,BUFFER,3789,2185
6978,BUFFER,3728,2185
6979,BUFFER,3314,2137
6980,BUFFER,3314,1967
6981,BUFFER,3331,2137
6982,BUFFER,3332,2321
6983,BUFFER,3339,2183
6984,BUFFER,3339,2012
6985,BUFFER,3340,2243
6986,BUFFER,3787,1988
6987,BUFFER,3787,1966
6988,BUFFER,3754,2243
6990,BUFFER,3768,1988
6991,BUFFER,3767,2160
6992,BUFFER,3754,2160
6993,BUFFER,4219,1986
6994,BUFFER,4220,2160
6995,BUFFER,3892,2283
6996,BUFFER,3892,2257
6997,BUFFER,3743,2284
6998,BUFFER,3743,2376
6999,BUFFER,3891,2377
7000,BUFFER,3892,2304
7001,BUFFER,4219,2281
7002,BUFFER,4220,2206
7003,BUFFER,3775,1841
7004,BUFFER,3555,1841
7005,BUFFER,4006,1841
7006,BUFFER,4210,1841
7007,BUFFER,4209,2186
7008,BUFFER,4007,2186
7009,BUFFER,3843,2184
7010,BUFFER,4208,2383
7011,BUFFER,3497,2383
7012,BUFFER,3498,2184
7013,BUFFER,3445,2183
