6,GATED LATCH,485,224
7,GATED LATCH,411,225
8,GATED LATCH,562,224
9,GATED LATCH,633,224
10,GATED LATCH,712,224
11,GATED LATCH,336,224
12,GATED LATCH,259,224
13,GATED LATCH,182,224
14,LED,460,159
15,LED,387,159
16,LED,312,159
17,LED,235,161
18,LED,158,162
19,LED,536,160
20,LED,608,160
21,LED,686,159
23,LED,158,283
24,LED,235,284
25,LED,311,283
26,LED,386,284
27,LED,460,284
28,LED,536,285
29,LED,608,283
30,LED,688,282
31,LED,779,224
32,BUFFER,220,224
33,BUFFER,220,268
34,BUFFER,159,268
35,BUFFER,297,224
36,BUFFER,297,270
37,BUFFER,233,269
38,BUFFER,311,270
39,BUFFER,385,271
40,BUFFER,460,271
41,BUFFER,537,271
42,BUFFER,608,272
43,BUFFER,688,271
44,BUFFER,373,270
45,BUFFER,448,269
46,BUFFER,523,270
47,BUFFER,597,270
48,BUFFER,672,271
49,BUFFER,751,224
50,BUFFER,751,271
51,BUFFER,374,224
52,BUFFER,448,224
53,BUFFER,523,223
54,BUFFER,598,224
55,BUFFER,672,224
56,BUFFER,763,223
57,BUFFER,763,259
58,BUFFER,688,260
59,BUFFER,608,260
60,BUFFER,537,260
61,BUFFER,459,261
62,BUFFER,386,260
63,BUFFER,311,259
64,BUFFER,234,259
65,BUFFER,158,260
66,BUFFER,778,157
67,BUFFER,779,282
68,BUFFER,136,284
69,BUFFER,136,160
137,LED,1034,33
145,LED,1111,33
146,LED,1073,33
151,LED,1147,32
155,LED,1181,33
156,LED,1214,33
158,LED,1247,32
160,LED,996,33
297,BUFFER,234,140
298,BUFFER,313,132
299,BUFFER,386,122
300,BUFFER,458,113
301,BUFFER,536,104
302,BUFFER,608,96
303,BUFFER,686,85
304,BUFFER,1246,85
305,BUFFER,1214,95
306,BUFFER,1180,104
307,BUFFER,1147,112
308,BUFFER,1111,121
309,BUFFER,1073,132
310,BUFFER,1034,140
311,BUFFER,996,147
312,BUFFER,158,145
343,TRANSISTOR,208,365
344,TRANSISTOR,287,364
345,TRANSISTOR,360,362
346,TRANSISTOR,437,362
347,TRANSISTOR,510,363
348,TRANSISTOR,586,361
349,TRANSISTOR,657,361
355,TRANSISTOR,133,365
357,BUFFER,108,313
358,BUFFER,182,313
359,BUFFER,262,311
360,BUFFER,335,310
361,BUFFER,412,311
362,BUFFER,484,310
363,BUFFER,560,310
364,BUFFER,632,313
369,BUFFER,158,410
372,BUFFER,233,414
373,BUFFER,312,419
374,BUFFER,385,423
375,BUFFER,460,430
376,BUFFER,534,436
377,BUFFER,610,442
378,BUFFER,682,449
379,BUFFER,996,409
381,BUFFER,1032,413
382,BUFFER,1071,419
383,BUFFER,1110,423
384,BUFFER,1146,429
385,BUFFER,1180,435
387,BUFFER,1246,449
395,GATED LATCH,485,636
396,GATED LATCH,411,637
397,GATED LATCH,562,636
398,GATED LATCH,633,636
399,GATED LATCH,712,636
400,GATED LATCH,336,636
401,GATED LATCH,259,636
402,GATED LATCH,182,636
403,LED,460,571
404,LED,387,571
405,LED,312,571
406,LED,235,573
407,LED,158,574
408,LED,536,572
409,LED,608,572
410,LED,686,571
412,LED,158,695
413,LED,235,696
414,LED,311,695
415,LED,386,696
416,LED,460,696
417,LED,536,697
418,LED,608,695
419,LED,688,694
420,LED,779,636
421,BUFFER,220,636
422,BUFFER,220,680
423,BUFFER,159,680
424,BUFFER,297,636
425,BUFFER,297,682
426,BUFFER,233,681
427,BUFFER,311,682
428,BUFFER,385,683
429,BUFFER,460,683
430,BUFFER,537,683
431,BUFFER,608,684
432,BUFFER,688,683
433,BUFFER,373,682
434,BUFFER,448,681
435,BUFFER,523,682
436,BUFFER,597,682
437,BUFFER,672,683
438,BUFFER,751,636
439,BUFFER,751,683
440,BUFFER,374,636
441,BUFFER,448,636
442,BUFFER,523,635
443,BUFFER,598,636
444,BUFFER,672,636
445,BUFFER,763,635
446,BUFFER,763,671
447,BUFFER,688,672
448,BUFFER,608,672
449,BUFFER,537,672
450,BUFFER,459,673
451,BUFFER,386,672
452,BUFFER,311,671
453,BUFFER,234,671
454,BUFFER,158,672
455,BUFFER,778,569
456,BUFFER,779,694
457,BUFFER,136,696
458,BUFFER,136,572
686,BUFFER,234,552
687,BUFFER,313,544
688,BUFFER,386,534
689,BUFFER,458,525
690,BUFFER,536,516
691,BUFFER,608,508
692,BUFFER,686,497
693,BUFFER,1246,497
694,BUFFER,1214,507
695,BUFFER,1180,516
696,BUFFER,1147,524
697,BUFFER,1111,533
698,BUFFER,1073,544
699,BUFFER,1034,552
700,BUFFER,996,559
701,BUFFER,158,557
732,TRANSISTOR,208,777
733,TRANSISTOR,287,776
734,TRANSISTOR,360,774
735,TRANSISTOR,437,774
736,TRANSISTOR,510,775
737,TRANSISTOR,586,773
738,TRANSISTOR,657,773
744,TRANSISTOR,133,777
746,BUFFER,108,725
747,BUFFER,182,725
748,BUFFER,262,723
749,BUFFER,335,722
750,BUFFER,412,723
751,BUFFER,484,722
752,BUFFER,560,722
753,BUFFER,632,725
758,BUFFER,158,822
761,BUFFER,233,826
762,BUFFER,312,831
763,BUFFER,385,835
764,BUFFER,460,842
765,BUFFER,534,848
766,BUFFER,610,854
767,BUFFER,682,861
768,BUFFER,996,821
770,BUFFER,1032,825
771,BUFFER,1071,831
772,BUFFER,1110,835
773,BUFFER,1146,841
774,BUFFER,1180,847
775,BUFFER,1213,853
776,BUFFER,1246,861
777,BUFFER,1214,442
784,LED,70,312
785,LED,70,725
786,BUFFER,814,0
787,BUFFER,814,226
788,BUFFER,811,634
789,BUFFER,23,312
790,BUFFER,23,723
791,BUFFER,993,-2
792,BUFFER,1033,0
793,BUFFER,1072,0
794,BUFFER,1110,-3
795,BUFFER,1144,-3
796,BUFFER,1180,-3
797,BUFFER,1214,0
798,BUFFER,1246,0
