6,GATED LATCH,486,159
7,GATED LATCH,412,160
8,GATED LATCH,563,159
9,GATED LATCH,634,159
10,GATED LATCH,713,159
11,GATED LATCH,337,159
12,GATED LATCH,260,159
13,GATED LATCH,183,159
14,LED,461,94
15,LED,388,94
16,LED,313,94
17,LED,236,96
18,LED,159,97
19,LED,537,95
20,LED,609,95
21,LED,687,94
23,LED,159,218
24,LED,236,219
25,LED,312,218
26,LED,387,219
27,LED,461,219
28,LED,537,220
29,LED,609,218
30,LED,689,217
31,LED,780,159
32,BUFFER,221,159
33,BUFFER,221,203
34,BUFFER,160,203
35,BUFFER,298,159
36,BUFFER,298,205
37,BUFFER,234,204
38,BUFFER,312,205
39,BUFFER,386,206
40,BUFFER,461,206
41,BUFFER,538,206
42,BUFFER,609,207
43,BUFFER,689,206
44,BUFFER,374,205
45,BUFFER,449,204
46,BUFFER,524,205
47,BUFFER,598,205
48,BUFFER,673,206
49,BUFFER,752,159
50,BUFFER,752,206
51,BUFFER,375,159
52,BUFFER,449,159
53,BUFFER,524,158
54,BUFFER,599,159
55,BUFFER,673,159
56,BUFFER,764,158
57,BUFFER,764,194
58,BUFFER,689,195
59,BUFFER,609,195
60,BUFFER,538,195
61,BUFFER,460,196
62,BUFFER,387,195
63,BUFFER,312,194
64,BUFFER,235,194
65,BUFFER,159,195
66,BUFFER,779,92
67,BUFFER,780,217
68,BUFFER,137,219
69,BUFFER,137,95
137,LED,1035,-32
145,LED,1112,-32
146,LED,1074,-32
151,LED,1148,-33
155,LED,1182,-32
156,LED,1215,-32
158,LED,1248,-33
160,LED,997,-32
297,BUFFER,235,75
298,BUFFER,314,67
299,BUFFER,387,57
300,BUFFER,459,48
301,BUFFER,537,39
302,BUFFER,609,31
303,BUFFER,687,20
304,BUFFER,1247,20
305,BUFFER,1215,30
306,BUFFER,1181,39
307,BUFFER,1148,47
308,BUFFER,1112,56
309,BUFFER,1074,67
310,BUFFER,1035,75
311,BUFFER,997,82
312,BUFFER,159,80
343,TRANSISTOR,209,300
344,TRANSISTOR,288,299
345,TRANSISTOR,361,297
346,TRANSISTOR,438,297
347,TRANSISTOR,511,298
348,TRANSISTOR,587,296
349,TRANSISTOR,658,296
355,TRANSISTOR,134,300
357,BUFFER,109,248
358,BUFFER,183,248
359,BUFFER,263,246
360,BUFFER,336,245
361,BUFFER,413,246
362,BUFFER,485,245
363,BUFFER,561,245
364,BUFFER,633,248
369,BUFFER,159,345
372,BUFFER,234,349
373,BUFFER,313,354
374,BUFFER,386,358
375,BUFFER,461,365
376,BUFFER,535,371
377,BUFFER,611,377
378,BUFFER,683,384
379,BUFFER,997,344
381,BUFFER,1033,348
382,BUFFER,1072,354
383,BUFFER,1111,358
384,BUFFER,1147,364
385,BUFFER,1181,370
387,BUFFER,1247,384
395,GATED LATCH,486,571
396,GATED LATCH,412,572
397,GATED LATCH,563,571
398,GATED LATCH,634,571
399,GATED LATCH,713,571
400,GATED LATCH,337,571
401,GATED LATCH,260,571
402,GATED LATCH,183,571
403,LED,461,506
404,LED,388,506
405,LED,313,506
406,LED,236,508
407,LED,159,509
408,LED,537,507
409,LED,609,507
410,LED,687,506
412,LED,159,630
413,LED,236,631
414,LED,312,630
415,LED,387,631
416,LED,461,631
417,LED,537,632
418,LED,609,630
419,LED,689,629
420,LED,780,571
421,BUFFER,221,571
422,BUFFER,221,615
423,BUFFER,160,615
424,BUFFER,298,571
425,BUFFER,298,617
426,BUFFER,234,616
427,BUFFER,312,617
428,BUFFER,386,618
429,BUFFER,461,618
430,BUFFER,538,618
431,BUFFER,609,619
432,BUFFER,689,618
433,BUFFER,374,617
434,BUFFER,449,616
435,BUFFER,524,617
436,BUFFER,598,617
437,BUFFER,673,618
438,BUFFER,752,571
439,BUFFER,752,618
440,BUFFER,375,571
441,BUFFER,449,571
442,BUFFER,524,570
443,BUFFER,599,571
444,BUFFER,673,571
445,BUFFER,764,570
446,BUFFER,764,606
447,BUFFER,689,607
448,BUFFER,609,607
449,BUFFER,538,607
450,BUFFER,460,608
451,BUFFER,387,607
452,BUFFER,312,606
453,BUFFER,235,606
454,BUFFER,159,607
455,BUFFER,779,504
456,BUFFER,780,629
457,BUFFER,137,631
458,BUFFER,137,507
686,BUFFER,235,487
687,BUFFER,314,479
688,BUFFER,387,469
689,BUFFER,459,460
690,BUFFER,537,451
691,BUFFER,609,443
692,BUFFER,687,432
693,BUFFER,1247,432
694,BUFFER,1215,442
695,BUFFER,1181,451
696,BUFFER,1148,459
697,BUFFER,1112,468
698,BUFFER,1074,479
699,BUFFER,1035,487
700,BUFFER,997,494
701,BUFFER,159,492
732,TRANSISTOR,209,712
733,TRANSISTOR,288,711
734,TRANSISTOR,361,709
735,TRANSISTOR,438,709
736,TRANSISTOR,511,710
737,TRANSISTOR,587,708
738,TRANSISTOR,658,708
744,TRANSISTOR,134,712
746,BUFFER,109,660
747,BUFFER,183,660
748,BUFFER,263,658
749,BUFFER,336,657
750,BUFFER,413,658
751,BUFFER,485,657
752,BUFFER,561,657
753,BUFFER,633,660
758,BUFFER,159,757
761,BUFFER,234,761
762,BUFFER,313,766
763,BUFFER,386,770
764,BUFFER,461,777
765,BUFFER,535,783
766,BUFFER,611,789
767,BUFFER,683,796
768,BUFFER,997,756
770,BUFFER,1033,760
771,BUFFER,1072,766
772,BUFFER,1111,770
773,BUFFER,1147,776
774,BUFFER,1181,782
775,BUFFER,1214,788
776,BUFFER,1247,796
777,BUFFER,1215,377
784,LED,71,247
785,LED,71,660
786,BUFFER,25,245
787,BUFFER,26,658
788,BUFFER,241,0
790,BUFFER,240,-68
791,BUFFER,814,-68
792,BUFFER,993,-68
793,BUFFER,1034,-68
794,BUFFER,1072,-68
795,BUFFER,1110,-68
796,BUFFER,1147,-66
797,BUFFER,1179,-69
798,BUFFER,1215,-69
799,BUFFER,1247,-68
800,BUFFER,812,158
801,BUFFER,812,570
