4,36,55,325,412,338,412,10
5,55,56,338,412,338,456,10
6,56,57,338,456,277,456,10
7,57,46,277,456,276,471,10
8,41,34,276,350,275,387,10
9,40,31,353,349,352,387,10
10,39,28,430,347,429,387,10
11,38,16,505,347,504,388,10
16,59,60,415,458,351,457,10
17,33,58,402,412,415,412,10
18,58,59,415,412,415,458,10
19,60,47,351,457,353,472,10
20,30,74,479,412,492,412,10
21,74,67,492,412,491,458,10
22,67,61,491,458,429,458,10
23,61,48,429,458,429,471,10
24,18,75,554,413,566,412,10
25,75,68,566,412,566,457,10
26,68,62,566,457,503,459,10
27,62,49,503,459,504,472,10
55,85,17,504,448,504,438,10
56,85,86,504,448,429,447,10
57,86,29,429,447,429,437,10
58,86,87,429,447,352,447,10
59,87,32,352,447,352,437,10
60,87,88,352,447,276,448,10
61,88,35,276,448,275,437,10
64,91,92,254,472,254,348,10
270,399,41,276,333,276,350,7
271,384,40,352,328,353,349,7
272,385,39,431,320,430,347,7
273,386,38,504,310,505,347,7
345,47,441,353,472,351,528,448
346,48,444,429,471,430,527,449
347,49,450,504,472,503,525,465
356,46,479,276,471,276,528,483
361,484,480,226,501,226,553,7
363,485,442,300,501,301,553,7
365,486,445,380,499,380,552,7
367,487,451,453,498,453,550,7
376,481,496,276,578,276,598,7
377,443,499,351,578,351,602,7
378,446,500,430,577,430,607,7
379,452,501,503,575,503,611,7
396,548,567,328,858,341,858,522
397,567,568,341,858,341,902,522
398,568,569,341,902,280,902,522
399,569,558,280,902,279,917,522
400,553,546,279,796,278,833,522
401,552,543,356,795,355,833,522
402,551,540,433,793,432,833,522
403,550,528,508,793,507,834,522
404,549,525,581,793,581,833,522
405,554,531,657,794,658,833,522
406,555,534,729,794,729,833,522
407,556,537,807,793,808,833,522
408,571,572,418,904,354,903,522
409,545,570,405,858,418,858,522
410,570,571,418,858,418,904,522
411,572,559,354,903,356,918,522
412,542,586,482,858,495,858,522
413,586,579,495,858,494,904,522
414,579,573,494,904,432,904,522
415,573,560,432,904,432,917,522
416,530,587,557,859,569,858,522
417,587,580,569,858,569,903,522
418,580,574,569,903,506,905,522
419,574,561,506,905,507,918,522
420,527,588,631,858,644,857,522
421,588,581,644,857,644,904,522
422,581,575,644,904,581,905,522
423,575,562,581,905,581,918,522
424,533,589,708,858,719,858,522
425,589,582,719,858,718,904,522
426,582,576,718,904,658,905,522
427,576,563,658,905,657,919,522
428,536,590,779,858,793,858,522
429,590,583,793,858,793,905,522
430,583,577,793,905,729,906,522
431,577,564,729,906,729,917,522
432,539,584,858,858,872,858,522
433,584,585,872,858,872,905,522
434,585,578,872,905,809,905,522
435,578,565,809,905,809,916,522
436,566,591,900,858,884,857,522
437,591,592,884,857,884,893,522
438,592,593,884,893,809,894,522
439,593,538,809,894,808,883,522
440,593,594,809,894,729,894,522
441,594,535,729,894,729,883,522
442,594,595,729,894,658,894,522
443,595,532,658,894,658,883,522
444,595,596,658,894,580,895,522
445,596,526,580,895,581,883,522
446,596,597,580,895,507,894,522
447,597,529,507,894,507,884,522
448,597,598,507,894,432,893,522
449,598,541,432,893,432,883,522
450,598,599,432,893,355,893,522
451,599,544,355,893,355,883,522
452,599,600,355,893,279,894,522
453,600,547,279,894,278,883,522
454,566,602,900,858,900,916,522
455,602,603,900,916,257,918,522
456,603,604,257,918,257,794,522
457,604,601,257,794,899,791,522
458,566,601,900,858,899,791,522
662,911,553,279,779,279,796,519
663,896,552,355,774,356,795,519
664,897,551,434,766,433,793,519
665,898,550,507,756,508,793,519
666,899,549,579,747,581,793,519
667,900,554,657,738,657,794,519
668,901,555,729,730,729,794,519
669,902,556,807,719,807,793,519
737,559,953,356,918,354,974,960
738,560,956,432,917,433,973,961
739,561,962,507,918,506,971,977
740,562,965,581,918,582,971,978
741,563,968,657,919,656,972,979
742,564,971,729,917,732,970,980
743,565,974,809,916,803,970,981
748,558,991,279,917,279,974,995
753,996,992,229,947,229,999,519
755,997,954,303,947,304,999,519
757,998,957,383,945,383,998,519
759,999,963,456,944,456,996,519
761,1000,966,533,945,533,996,519
763,1001,969,605,944,606,997,519
765,1002,972,681,944,682,995,519
767,1003,975,753,947,753,995,519
768,993,1008,279,1024,279,1044,519
769,955,1011,354,1024,354,1048,519
770,958,1012,433,1023,433,1053,519
771,964,1013,506,1021,506,1057,519
772,967,1014,582,1021,581,1064,519
773,970,1015,656,1022,655,1070,519
774,973,1016,732,1020,731,1076,519
775,976,1017,803,1020,803,1083,519
1902,2492,2511,331,2647,344,2647,2466
1903,2511,2512,344,2647,344,2691,2466
1904,2512,2513,344,2691,283,2691,2466
1905,2513,2502,283,2691,282,2706,2466
1906,2497,2490,282,2585,281,2622,2466
1907,2496,2487,359,2584,358,2622,2466
1908,2495,2484,436,2582,435,2622,2466
1909,2494,2472,511,2582,510,2623,2466
1910,2493,2469,584,2582,584,2622,2466
1911,2498,2475,660,2583,661,2622,2466
1912,2499,2478,732,2583,732,2622,2466
1913,2500,2481,810,2582,811,2622,2466
1914,2515,2516,421,2693,357,2692,2466
1915,2489,2514,408,2647,421,2647,2466
1916,2514,2515,421,2647,421,2693,2466
1917,2516,2503,357,2692,359,2707,2466
1918,2486,2530,485,2647,498,2647,2466
1919,2530,2523,498,2647,497,2693,2466
1920,2523,2517,497,2693,435,2693,2466
1921,2517,2504,435,2693,435,2706,2466
1922,2474,2531,560,2648,572,2647,2466
1923,2531,2524,572,2647,572,2692,2466
1924,2524,2518,572,2692,509,2694,2466
1925,2518,2505,509,2694,510,2707,2466
1926,2471,2532,634,2647,647,2646,2466
1927,2532,2525,647,2646,647,2693,2466
1928,2525,2519,647,2693,584,2694,2466
1929,2519,2506,584,2694,584,2707,2466
1930,2477,2533,711,2647,722,2647,2466
1931,2533,2526,722,2647,721,2693,2466
1932,2526,2520,721,2693,661,2694,2466
1933,2520,2507,661,2694,660,2708,2466
1934,2480,2534,782,2647,796,2647,2466
1935,2534,2527,796,2647,796,2694,2466
1936,2527,2521,796,2694,732,2695,2466
1937,2521,2508,732,2695,732,2706,2466
1938,2483,2528,861,2647,875,2647,2466
1939,2528,2529,875,2647,875,2694,2466
1940,2529,2522,875,2694,812,2694,2466
1941,2522,2509,812,2694,812,2705,2466
1942,2510,2535,903,2647,887,2646,2466
1943,2535,2536,887,2646,887,2682,2466
1944,2536,2537,887,2682,812,2683,2466
1945,2537,2482,812,2683,811,2672,2466
1946,2537,2538,812,2683,732,2683,2466
1947,2538,2479,732,2683,732,2672,2466
1948,2538,2539,732,2683,661,2683,2466
1949,2539,2476,661,2683,661,2672,2466
1950,2539,2540,661,2683,583,2684,2466
1951,2540,2470,583,2684,584,2672,2466
1952,2540,2541,583,2684,510,2683,2466
1953,2541,2473,510,2683,510,2673,2466
1954,2541,2542,510,2683,435,2682,2466
1955,2542,2485,435,2682,435,2672,2466
1956,2542,2543,435,2682,358,2682,2466
1957,2543,2488,358,2682,358,2672,2466
1958,2543,2544,358,2682,282,2683,2466
1959,2544,2491,282,2683,281,2672,2466
1960,2510,2546,903,2647,903,2705,2466
1961,2546,2547,903,2705,260,2707,2466
1962,2547,2548,260,2707,260,2583,2466
1963,2548,2545,260,2583,902,2580,2466
1964,2510,2545,903,2647,902,2580,2466
2168,2855,2497,282,2568,282,2585,2463
2169,2840,2496,358,2563,359,2584,2463
2170,2841,2495,437,2555,436,2582,2463
2171,2842,2494,510,2545,511,2582,2463
2172,2843,2493,582,2536,584,2582,2463
2173,2844,2498,660,2527,660,2583,2463
2174,2845,2499,732,2519,732,2583,2463
2175,2846,2500,810,2508,810,2582,2463
2294,3004,3023,331,3123,344,3123,2978
2295,3023,3024,344,3123,344,3167,2978
2296,3024,3025,344,3167,283,3167,2978
2297,3025,3014,283,3167,282,3182,2978
2298,3009,3002,282,3061,281,3098,2978
2299,3008,2999,359,3060,358,3098,2978
2300,3007,2996,436,3058,435,3098,2978
2301,3006,2984,511,3058,510,3099,2978
2302,3005,2981,584,3058,584,3098,2978
2303,3010,2987,660,3059,661,3098,2978
2304,3011,2990,732,3059,732,3098,2978
2305,3012,2993,810,3058,811,3098,2978
2306,3027,3028,421,3169,357,3168,2978
2307,3001,3026,408,3123,421,3123,2978
2308,3026,3027,421,3123,421,3169,2978
2309,3028,3015,357,3168,359,3183,2978
2310,2998,3042,485,3123,498,3123,2978
2311,3042,3035,498,3123,497,3169,2978
2312,3035,3029,497,3169,435,3169,2978
2313,3029,3016,435,3169,435,3182,2978
2314,2986,3043,560,3124,572,3123,2978
2315,3043,3036,572,3123,572,3168,2978
2316,3036,3030,572,3168,509,3170,2978
2317,3030,3017,509,3170,510,3183,2978
2318,2983,3044,634,3123,647,3122,2978
2319,3044,3037,647,3122,647,3169,2978
2320,3037,3031,647,3169,584,3170,2978
2321,3031,3018,584,3170,584,3183,2978
2322,2989,3045,711,3123,722,3123,2978
2323,3045,3038,722,3123,721,3169,2978
2324,3038,3032,721,3169,661,3170,2978
2325,3032,3019,661,3170,660,3184,2978
2326,2992,3046,782,3123,796,3123,2978
2327,3046,3039,796,3123,796,3170,2978
2328,3039,3033,796,3170,732,3171,2978
2329,3033,3020,732,3171,732,3182,2978
2330,2995,3040,861,3123,875,3123,2978
2331,3040,3041,875,3123,875,3170,2978
2332,3041,3034,875,3170,812,3170,2978
2333,3034,3021,812,3170,812,3181,2978
2334,3022,3047,903,3123,887,3122,2978
2335,3047,3048,887,3122,887,3158,2978
2336,3048,3049,887,3158,812,3159,2978
2337,3049,2994,812,3159,811,3148,2978
2338,3049,3050,812,3159,732,3159,2978
2339,3050,2991,732,3159,732,3148,2978
2340,3050,3051,732,3159,661,3159,2978
2341,3051,2988,661,3159,661,3148,2978
2342,3051,3052,661,3159,583,3160,2978
2343,3052,2982,583,3160,584,3148,2978
2344,3052,3053,583,3160,510,3159,2978
2345,3053,2985,510,3159,510,3149,2978
2346,3053,3054,510,3159,435,3158,2978
2347,3054,2997,435,3158,435,3148,2978
2348,3054,3055,435,3158,358,3158,2978
2349,3055,3000,358,3158,358,3148,2978
2350,3055,3056,358,3158,282,3159,2978
2351,3056,3003,282,3159,281,3148,2978
2352,3022,3058,903,3123,903,3181,2978
2353,3058,3059,903,3181,260,3183,2978
2354,3059,3060,260,3183,260,3059,2978
2355,3060,3057,260,3059,902,3056,2978
2356,3022,3057,903,3123,902,3056,2978
2560,3367,3009,282,3044,282,3061,2975
2561,3352,3008,358,3039,359,3060,2975
2562,3353,3007,437,3031,436,3058,2975
2563,3354,3006,510,3021,511,3058,2975
2564,3355,3005,582,3012,584,3058,2975
2565,3356,3010,660,3003,660,3059,2975
2566,3357,3011,732,2995,732,3059,2975
2567,3358,3012,810,2984,810,3058,2975
2686,3530,3549,-944,878,-931,878,3504
2687,3549,3550,-931,878,-931,922,3504
2688,3550,3551,-931,922,-992,922,3504
2689,3551,3540,-992,922,-993,937,3504
2690,3535,3528,-993,816,-994,853,3504
2691,3534,3525,-916,815,-917,853,3504
2692,3533,3522,-839,813,-840,853,3504
2693,3532,3510,-764,813,-765,854,3504
2694,3531,3507,-691,813,-691,853,3504
2695,3536,3513,-615,814,-614,853,3504
2696,3537,3516,-543,814,-543,853,3504
2697,3538,3519,-465,813,-464,853,3504
2698,3553,3554,-854,924,-918,923,3504
2699,3527,3552,-867,878,-854,878,3504
2700,3552,3553,-854,878,-854,924,3504
2701,3554,3541,-918,923,-916,938,3504
2702,3524,3568,-790,878,-777,878,3504
2703,3568,3561,-777,878,-778,924,3504
2704,3561,3555,-778,924,-840,924,3504
2705,3555,3542,-840,924,-840,937,3504
2706,3512,3569,-715,879,-703,878,3504
2707,3569,3562,-703,878,-703,923,3504
2708,3562,3556,-703,923,-766,925,3504
2709,3556,3543,-766,925,-765,938,3504
2710,3509,3570,-641,878,-628,877,3504
2711,3570,3563,-628,877,-628,924,3504
2712,3563,3557,-628,924,-691,925,3504
2713,3557,3544,-691,925,-691,938,3504
2714,3515,3571,-564,878,-553,878,3504
2715,3571,3564,-553,878,-554,924,3504
2716,3564,3558,-554,924,-614,925,3504
2717,3558,3545,-614,925,-615,939,3504
2718,3518,3572,-493,878,-479,878,3504
2719,3572,3565,-479,878,-479,925,3504
2720,3565,3559,-479,925,-543,926,3504
2721,3559,3546,-543,926,-543,937,3504
2722,3521,3566,-414,878,-400,878,3504
2723,3566,3567,-400,878,-400,925,3504
2724,3567,3560,-400,925,-463,925,3504
2725,3560,3547,-463,925,-463,936,3504
2729,3575,3520,-463,914,-464,903,3504
2731,3576,3517,-543,914,-543,903,3504
2733,3577,3514,-614,914,-614,903,3504
2735,3578,3508,-692,915,-691,903,3504
2737,3579,3511,-765,914,-765,904,3504
2739,3580,3523,-840,913,-840,903,3504
2741,3581,3526,-917,913,-917,903,3504
2743,3582,3529,-993,914,-994,903,3504
2952,3893,3535,-993,799,-993,816,3501
2953,3878,3534,-917,794,-916,815,3501
2954,3879,3533,-838,786,-839,813,3501
2955,3880,3532,-765,776,-764,813,3501
2956,3881,3531,-693,767,-691,813,3501
2957,3882,3536,-615,758,-615,814,3501
2958,3883,3537,-543,750,-543,814,3501
2959,3884,3538,-465,739,-465,813,3501
3027,3541,3935,-916,938,-918,994,3942
3028,3542,3938,-840,937,-839,993,3943
3029,3543,3944,-765,938,-766,991,3959
3030,3544,3947,-691,938,-690,991,3960
3031,3545,3950,-615,939,-616,992,3961
3032,3546,3953,-543,937,-540,990,3962
3033,3547,3956,-463,936,-469,990,3963
3038,3540,3973,-993,937,-993,994,3977
3043,3978,3974,-1043,967,-1043,1019,3501
3044,3978,3979,-1043,967,-969,967,3501
3045,3979,3936,-969,967,-968,1019,3501
3046,3979,3980,-969,967,-889,965,3501
3047,3980,3939,-889,965,-889,1018,3501
3048,3980,3981,-889,965,-816,964,3501
3049,3981,3945,-816,964,-816,1016,3501
3050,3981,3982,-816,964,-739,965,3501
3051,3982,3948,-739,965,-739,1016,3501
3052,3982,3983,-739,965,-667,964,3501
3053,3983,3951,-667,964,-666,1017,3501
3054,3983,3984,-667,964,-591,964,3501
3055,3984,3954,-591,964,-590,1015,3501
3056,3984,3985,-591,964,-519,967,3501
3057,3985,3957,-519,967,-519,1015,3501
3058,3975,3990,-993,1044,-993,1064,3501
3059,3937,3993,-918,1044,-918,1068,3501
3060,3940,3994,-839,1043,-839,1073,3501
3061,3946,3995,-766,1041,-766,1077,3501
3062,3949,3996,-690,1041,-691,1084,3501
3063,3952,3997,-616,1042,-617,1090,3501
3064,3955,3998,-540,1040,-541,1096,3501
3065,3958,3999,-469,1040,-469,1103,3501
3074,4009,3978,-1081,965,-1043,967,3498
3078,4042,4061,-912,2672,-899,2672,4016
3079,4061,4062,-899,2672,-899,2716,4016
3080,4062,4063,-899,2716,-960,2716,4016
3081,4063,4052,-960,2716,-961,2731,4016
3082,4047,4040,-961,2610,-962,2647,4016
3083,4046,4037,-884,2609,-885,2647,4016
3084,4045,4034,-807,2607,-808,2647,4016
3085,4044,4022,-732,2607,-733,2648,4016
3086,4043,4019,-659,2607,-659,2647,4016
3087,4048,4025,-583,2608,-582,2647,4016
3088,4049,4028,-511,2608,-511,2647,4016
3089,4050,4031,-433,2607,-432,2647,4016
3090,4065,4066,-822,2718,-886,2717,4016
3091,4039,4064,-835,2672,-822,2672,4016
3092,4064,4065,-822,2672,-822,2718,4016
3093,4066,4053,-886,2717,-884,2732,4016
3094,4036,4080,-758,2672,-745,2672,4016
3095,4080,4073,-745,2672,-746,2718,4016
3096,4073,4067,-746,2718,-808,2718,4016
3097,4067,4054,-808,2718,-808,2731,4016
3098,4024,4081,-683,2673,-671,2672,4016
3099,4081,4074,-671,2672,-671,2717,4016
3100,4074,4068,-671,2717,-734,2719,4016
3101,4068,4055,-734,2719,-733,2732,4016
3102,4021,4082,-609,2672,-596,2671,4016
3103,4082,4075,-596,2671,-596,2718,4016
3104,4075,4069,-596,2718,-659,2719,4016
3106,4027,4083,-532,2672,-521,2672,4016
3107,4083,4076,-521,2672,-522,2718,4016
3108,4076,4070,-522,2718,-582,2719,4016
3109,4070,4057,-582,2719,-583,2733,4016
3110,4030,4084,-461,2672,-447,2672,4016
3111,4084,4077,-447,2672,-447,2719,4016
3112,4077,4071,-447,2719,-511,2720,4016
3113,4071,4058,-511,2720,-511,2731,4016
3114,4033,4078,-382,2672,-368,2672,4016
3115,4078,4079,-368,2672,-368,2719,4016
3116,4079,4072,-368,2719,-431,2719,4016
3117,4072,4059,-431,2719,-431,2730,4016
3121,4087,4032,-431,2708,-432,2697,4016
3123,4088,4029,-511,2708,-511,2697,4016
3125,4089,4026,-582,2708,-582,2697,4016
3127,4090,4020,-660,2709,-659,2697,4016
3129,4091,4023,-733,2708,-733,2698,4016
3131,4092,4035,-808,2707,-808,2697,4016
3133,4093,4038,-885,2707,-885,2697,4016
3135,4094,4041,-961,2708,-962,2697,4016
3344,4405,4047,-961,2593,-961,2610,4013
3345,4390,4046,-885,2588,-884,2609,4013
3346,4391,4045,-806,2580,-807,2607,4013
3347,4392,4044,-733,2570,-732,2607,4013
3348,4393,4043,-661,2561,-659,2607,4013
3349,4394,4048,-583,2552,-583,2608,4013
3350,4395,4049,-511,2544,-511,2608,4013
3351,4396,4050,-433,2533,-433,2607,4013
3419,4053,4447,-884,2732,-886,2788,4454
3420,4054,4450,-808,2731,-807,2787,4455
3421,4055,4456,-733,2732,-734,2785,4471
3423,4057,4462,-583,2733,-584,2786,4473
3424,4058,4465,-511,2731,-508,2784,4474
3425,4059,4468,-431,2730,-437,2784,4475
3430,4052,4485,-961,2731,-961,2788,4489
3435,4490,4486,-1011,2761,-1011,2813,4013
3436,4490,4491,-1011,2761,-937,2761,4013
3437,4491,4448,-937,2761,-936,2813,4013
3438,4491,4492,-937,2761,-857,2759,4013
3439,4492,4451,-857,2759,-857,2812,4013
3440,4492,4493,-857,2759,-784,2758,4013
3441,4493,4457,-784,2758,-784,2810,4013
3442,4493,4494,-784,2758,-707,2759,4013
3443,4494,4460,-707,2759,-707,2810,4013
3444,4494,4495,-707,2759,-635,2758,4013
3445,4495,4463,-635,2758,-634,2811,4013
3446,4495,4496,-635,2758,-559,2758,4013
3447,4496,4466,-559,2758,-558,2809,4013
3448,4496,4497,-559,2758,-487,2761,4013
3449,4497,4469,-487,2761,-487,2809,4013
3450,4487,4502,-961,2838,-961,2858,4013
3451,4449,4505,-886,2838,-886,2862,4013
3452,4452,4506,-807,2837,-807,2867,4013
3453,4458,4507,-734,2835,-734,2871,4013
3454,4461,4508,-658,2835,-659,2878,4013
3455,4464,4509,-584,2836,-585,2884,4013
3456,4467,4510,-508,2834,-509,2890,4013
3457,4470,4511,-437,2834,-437,2897,4013
3466,4521,4490,-1049,2759,-1011,2761,4010
3467,4524,4527,24,-90,1279,-92,0
3468,4524,4526,24,-90,-1208,-91,0
3469,4523,4525,-199,-62,-1178,-64,0
3470,4523,4528,-199,-62,1236,-57,0
3477,4526,4535,-1208,-91,-1217,869,0
3478,4535,4536,-1217,869,-1211,2663,0
3504,4545,4549,583,411,573,410,0
3505,4549,4550,573,410,572,448,0
3506,4550,85,572,448,504,448,0
3507,4547,92,583,347,254,348,0
3508,4545,4547,583,411,583,347,0
3509,4545,4548,583,411,582,472,0
3510,4548,91,582,472,254,472,0
3511,3484,4551,25,87,25,309,0
3512,4551,3484,25,309,25,87,0
3513,3497,4552,-11,87,-10,320,0
3514,4552,3497,-10,320,-11,87,0
3515,3496,4553,-46,86,-46,326,0
3516,4553,3496,-46,326,-46,86,0
3517,3495,4554,-78,87,-77,332,0
3518,4554,3495,-77,332,-78,87,0
3519,4551,386,25,309,504,310,0
3520,4552,385,-10,320,431,320,0
3521,4553,384,-46,326,352,328,0
3522,4554,399,-77,332,276,333,0
3523,496,4558,276,598,-79,597,0
3524,499,4557,351,602,-45,600,0
3525,500,4556,430,607,-11,606,0
3526,501,4555,503,611,25,610,0
3527,4551,4555,25,309,25,610,0
3528,4555,4551,25,610,25,309,0
3529,4552,4556,-10,320,-11,606,0
3530,4556,4552,-11,606,-10,320,0
3531,4553,4557,-46,326,-45,600,0
3532,4557,4553,-45,600,-46,326,0
3533,4554,4558,-77,332,-79,597,0
3534,4558,4554,-79,597,-77,332,0
3535,4559,487,581,497,453,498,0
3536,487,486,453,498,380,499,0
3537,486,485,380,499,300,501,0
3538,485,484,300,501,226,501,0
3543,1,4524,25,0,24,-90,0
3544,4562,1003,899,946,753,947,0
3545,1003,1002,753,947,681,944,0
3546,1002,1001,681,944,605,944,0
3547,1001,1000,605,944,533,945,0
3548,1000,999,533,945,456,944,0
3549,999,998,456,944,383,945,0
3550,998,997,383,945,303,947,0
3551,997,996,303,947,229,947,0
3552,4563,566,1028,856,900,858,0
3553,4564,4562,1028,946,899,946,0
3555,4560,4545,736,414,583,411,0
3556,4561,4559,736,497,581,497,0
3577,4571,4572,-984,2671,-970,2670,0
3578,4572,4573,-970,2670,-970,2707,0
3579,4573,4094,-970,2707,-961,2708,0
3580,4094,4093,-961,2708,-885,2707,0
3581,4093,4092,-885,2707,-808,2707,0
3582,4092,4091,-808,2707,-733,2708,0
3583,4091,4090,-733,2708,-660,2709,0
3584,4090,4089,-660,2709,-582,2708,0
3585,4089,4088,-582,2708,-511,2708,0
3586,4088,4087,-511,2708,-431,2708,0
3587,4571,4097,-984,2671,-983,2732,0
3588,4571,4098,-984,2671,-983,2608,0
3589,4098,4095,-983,2608,-341,2605,0
3590,4069,4574,-659,2719,-659,2731,0
3591,4574,4459,-659,2731,-658,2785,4575
3592,4097,4096,-983,2732,-340,2730,0
3593,4096,4095,-340,2730,-341,2605,0
3594,4576,4571,-1101,2670,-984,2671,0
3595,4577,4521,-1101,2760,-1049,2759,0
3597,4578,4579,-1016,875,-1003,875,0
3598,4579,4580,-1003,875,-1002,914,0
3599,4580,3582,-1002,914,-993,914,0
3600,3582,3581,-993,914,-917,913,0
3601,3581,3580,-917,913,-840,913,0
3602,3580,3579,-840,913,-765,914,0
3603,3579,3578,-765,914,-692,915,0
3604,3578,3577,-692,915,-614,914,0
3605,3577,3576,-614,914,-543,914,0
3606,3576,3575,-543,914,-463,914,0
3607,4578,3586,-1016,875,-1015,814,0
3608,3586,3583,-1015,814,-373,811,0
3609,3583,3584,-373,811,-372,936,0
3610,4578,3585,-1016,875,-1015,938,0
3611,3585,3584,-1015,938,-372,936,0
3613,4581,4578,-1154,874,-1016,875,0
3614,4582,4009,-1153,967,-1081,965,0
3615,4583,4600,232,3539,231,3566,0
3616,4584,4601,275,3539,274,3579,0
3617,4586,4602,313,3538,312,3592,0
3618,4587,4603,353,3539,352,3605,0
3619,4588,4604,388,3540,385,3616,0
3620,4589,4605,423,3540,422,3627,0
3621,4590,4606,464,3540,463,3640,0
3622,4591,4607,497,3540,497,3652,0
3623,4592,4608,535,3539,533,3663,0
3624,4593,4609,570,3539,569,3675,0
3625,4594,4610,602,3536,602,3686,0
3626,4595,4611,638,3536,637,3697,0
3627,4596,4612,680,3535,679,3706,0
3628,4597,4613,713,3533,712,3717,0
3629,4598,4614,749,3535,749,3728,0
3630,4599,4615,779,3535,779,3740,0
3632,4616,4617,1281,3492,777,3489,0
3633,4617,4618,777,3489,747,3489,0
3634,4618,4619,747,3489,711,3489,0
3635,4619,4620,711,3489,679,3492,0
3636,4620,4621,679,3492,637,3489,0
3637,4621,4622,637,3489,601,3493,0
3638,4622,4623,601,3493,568,3492,0
3639,4623,4624,568,3492,534,3489,0
3640,4624,4625,534,3489,497,3493,0
3641,4625,4626,497,3493,461,3493,0
3642,4626,4627,461,3493,421,3493,0
3643,4627,4628,421,3493,386,3493,0
3644,4628,4629,386,3493,350,3493,0
3645,4629,4630,350,3493,312,3489,0
3646,4630,4631,312,3489,272,3493,0
3647,4631,4632,272,3493,233,3493,0
3648,4600,4648,231,3566,-1306,3565,0
3649,4601,4647,274,3579,-1284,3577,0
3650,4602,4646,312,3592,-1265,3590,0
3651,4603,4645,352,3605,-1247,3604,0
3652,4604,4644,385,3616,-1224,3615,0
3653,4605,4643,422,3627,-1199,3624,0
3654,4615,4633,779,3740,1196,3739,0
3655,4614,4634,749,3728,1165,3727,0
3656,4613,4635,712,3717,1141,3716,0
3657,4612,4636,679,3706,1112,3704,0
3658,4611,4637,637,3697,1083,3696,0
3659,4610,4638,602,3686,1060,3684,0
3660,4609,4639,569,3675,1034,3675,0
3661,4608,4640,533,3663,1012,3663,0
3662,4607,4641,497,3652,992,3651,0
3663,4606,4642,463,3640,969,3640,0
3664,4637,4649,1083,3696,1083,3120,0
3667,4638,4650,1060,3684,1059,2646,0
7010,4642,8947,969,3640,970,2488,0
7011,4641,8948,992,3651,993,2504,0
7012,4640,8949,1012,3663,1014,2518,0
7013,4639,8950,1034,3675,1032,2539,0
7014,4636,8951,1112,3704,1112,2561,0
7015,4635,8952,1141,3716,1137,2577,0
7016,4634,8953,1165,3727,1164,2593,0
7017,4633,8954,1196,3739,1191,2607,0
7018,4650,2510,1059,2646,903,2647,0
7019,4649,3022,1083,3120,903,3123,0
7020,8947,8955,970,2488,4438,2485,0
7021,8948,8956,993,2504,4463,2503,0
7022,8949,8957,1014,2518,4491,2519,0
7023,8950,8958,1032,2539,4520,2538,0
7024,8951,8959,1112,2561,4548,2559,0
7025,8952,8960,1137,2577,4573,2575,0
7026,8953,8961,1164,2593,4598,2591,0
7027,8954,8962,1191,2607,4623,2609,0
7028,8955,8967,4438,2485,4440,992,0
7029,8956,8966,4463,2503,4465,1012,0
7030,8961,8963,4598,2591,4597,1072,0
7031,8960,8964,4573,2575,4574,1049,0
7032,8959,8965,4548,2559,4549,1032,0
7034,8964,8971,4574,1049,1163,1048,0
7035,8965,8970,4549,1032,1139,1030,0
7036,8966,8969,4465,1012,1118,1006,0
7037,8967,8968,4440,992,1094,991,0
7038,8968,8973,1094,991,1090,855,0
7039,8973,4563,1090,855,1028,856,0
7040,8969,8974,1118,1006,1116,946,0
7041,8974,4564,1116,946,1028,946,0
7042,8971,8976,1163,1048,1161,493,0
7043,8976,4561,1161,493,736,497,0
7044,8972,8977,1190,1072,1190,413,0
7045,8977,4560,1190,413,736,414,0
7046,4527,8978,1279,-92,1277,882,0
7047,8978,8979,1277,882,4702,882,0
7048,8979,8980,4702,882,4696,2706,0
7049,8980,8981,4696,2706,1283,2712,0
7050,8981,4616,1283,2712,1281,3492,0
7051,4555,8982,25,610,24,717,0
7052,8982,4555,24,717,25,610,0
7053,4556,8983,-11,606,-10,727,0
7054,8983,4556,-10,727,-11,606,0
7055,4557,8984,-45,600,-44,737,0
7056,8984,4557,-44,737,-45,600,0
7057,4558,8985,-79,597,-80,748,0
7058,8985,4558,-80,748,-79,597,0
7059,3494,8986,-123,87,-122,756,0
7060,8986,3494,-122,756,-123,87,0
7061,3493,8987,-157,87,-153,764,0
7062,8987,3493,-153,764,-157,87,0
7063,3486,8988,-194,87,-194,774,0
7064,8988,3486,-194,774,-194,87,0
7065,3485,8989,-230,88,-228,779,0
7066,8989,3485,-228,779,-230,88,0
7067,8982,902,24,717,807,719,0
7068,8983,901,-10,727,729,730,0
7069,8984,900,-44,737,657,738,0
7070,8985,899,-80,748,579,747,0
7071,8986,898,-122,756,507,756,0
7072,8987,897,-153,764,434,766,0
7073,8988,896,-194,774,355,774,0
7074,8989,911,-228,779,279,779,0
7075,8989,8997,-228,779,-228,1041,0
7076,8997,8989,-228,1041,-228,779,0
7077,8988,8996,-194,774,-194,1047,0
7078,8996,8988,-194,1047,-194,774,0
7079,8987,8995,-153,764,-153,1054,0
7080,8995,8987,-153,1054,-153,764,0
7081,8986,8994,-122,756,-122,1055,0
7082,8994,8986,-122,1055,-122,756,0
7083,8985,8993,-80,748,-78,1065,0
7084,8993,8985,-78,1065,-80,748,0
7085,8984,8992,-44,737,-44,1070,0
7086,8992,8984,-44,1070,-44,737,0
7087,8983,8991,-10,727,-7,1076,0
7088,8991,8983,-7,1076,-10,727,0
7089,8982,8990,24,717,22,1084,0
7090,8990,8982,22,1084,24,717,0
7092,1017,8990,803,1083,22,1084,0
7093,1016,8991,731,1076,-7,1076,0
7094,1015,8992,655,1070,-44,1070,0
7095,1014,8993,581,1064,-78,1065,0
7096,1013,8994,506,1057,-122,1055,0
7097,1012,8995,433,1053,-153,1054,0
7098,1011,8996,354,1048,-194,1047,0
7099,1008,8997,279,1044,-228,1041,0
7100,8990,8999,22,1084,20,2507,0
7101,8999,8990,20,2507,22,1084,0
7102,8991,9000,-7,1076,-7,2517,0
7103,9000,8991,-7,2517,-7,1076,0
7104,8992,9001,-44,1070,-44,2523,0
7105,9001,8992,-44,2523,-44,1070,0
7106,8993,9002,-78,1065,-78,2532,0
7107,9002,8993,-78,2532,-78,1065,0
7108,8994,9003,-122,1055,-121,2544,0
7109,9003,8994,-121,2544,-122,1055,0
7110,8995,9004,-153,1054,-153,2552,0
7111,9004,8995,-153,2552,-153,1054,0
7112,8996,9005,-194,1047,-194,2559,0
7113,9005,8996,-194,2559,-194,1047,0
7114,8997,9006,-228,1041,-226,2567,0
7115,9006,8997,-226,2567,-228,1041,0
7116,8999,2846,20,2507,810,2508,0
7117,9000,2845,-7,2517,732,2519,0
7118,9001,2844,-44,2523,660,2527,0
7119,9002,2843,-78,2532,582,2536,0
7120,9003,2842,-121,2544,510,2545,0
7121,9004,2841,-153,2552,437,2555,0
7122,9005,2840,-194,2559,358,2563,0
7123,9006,2855,-226,2567,282,2568,0
7125,8963,8972,4597,1072,1190,1072,0
7136,9119,9022,571,1916,525,1785,0
7137,9056,9021,546,1916,510,1785,0
7138,9053,9020,518,1916,495,1785,0
7139,9046,9019,491,1916,480,1785,0
7140,9120,9018,457,1915,465,1785,0
7141,9061,9017,431,1916,450,1785,0
7142,9063,9016,406,1916,435,1785,0
7143,9064,9015,380,1917,420,1785,0
7144,9098,9007,381,1483,420,1620,0
7145,9097,9008,407,1482,435,1620,0
7146,9095,9009,432,1482,450,1620,0
7147,9122,9010,457,1481,465,1620,0
7148,9080,9011,492,1482,480,1620,0
7149,9087,9012,519,1482,495,1620,0
7150,9090,9013,547,1482,510,1620,0
7151,9121,9014,571,1482,525,1620,0
7152,9030,9112,390,1755,216,1779,0
7153,9029,9104,390,1740,217,1754,0
7154,9028,9107,390,1725,217,1729,0
7155,9027,9102,390,1710,217,1705,0
7156,9026,9101,390,1695,217,1683,0
7157,9025,9100,390,1680,217,1662,0
7158,9024,9099,390,1665,218,1638,0
7159,9023,9115,390,1650,217,1609,0
7160,2502,9127,282,2706,281,2740,0
7161,2503,9128,359,2707,358,2748,0
7162,2504,9129,435,2706,434,2759,0
7163,2505,9130,510,2707,508,2772,0
7164,2506,9131,584,2707,583,2783,0
7165,2507,9132,660,2708,658,2797,0
7166,2508,9133,732,2706,733,2806,0
7167,2509,9134,812,2705,812,2819,0
7168,9134,9135,812,2819,236,2817,0
7169,9133,9136,733,2806,205,2806,0
7170,9131,9138,583,2783,160,2781,0
7171,9132,9137,658,2797,177,2797,0
7172,9130,9139,508,2772,136,2772,0
7173,9129,9140,434,2759,118,2757,0
7174,9128,9141,358,2748,96,2748,0
7175,9127,9142,281,2740,73,2740,0
7176,9135,9150,236,2817,235,2379,0
7177,9136,9149,205,2806,203,2363,0
7178,9137,9148,177,2797,176,2351,0
7179,9138,9147,160,2781,158,2342,0
7180,9139,9146,136,2772,133,2318,0
7181,9140,9145,118,2757,117,2306,0
7182,9141,9144,96,2748,96,2291,0
7183,9142,9143,73,2740,72,2277,0
7184,9150,9151,235,2379,571,2380,0
7185,9151,9119,571,2380,571,1916,0
7186,9149,9152,203,2363,545,2362,0
7187,9152,9056,545,2362,546,1916,0
7188,9148,9153,176,2351,517,2349,0
7189,9153,9053,517,2349,518,1916,0
7190,9147,9154,158,2342,490,2340,0
7191,9154,9046,490,2340,491,1916,0
7192,9146,9155,133,2318,456,2317,0
7193,9155,9120,456,2317,457,1915,0
7194,9145,9156,117,2306,430,2303,0
7195,9156,9061,430,2303,431,1916,0
7196,9144,9157,96,2291,403,2289,0
7197,9157,9063,403,2289,406,1916,0
7198,9143,9158,72,2277,378,2275,0
7199,9158,9064,378,2275,380,1917,0
