1,25,0,S,1
2,-25,0,Z,1
3,-200,0,L,1
16,504,388,D,9
17,504,438,W,9
18,554,413,Q,9
28,429,387,D,13
29,429,437,W,13
30,479,412,Q,13
31,352,387,D,14
32,352,437,W,14
33,402,412,Q,14
34,275,387,D,15
35,275,437,W,15
36,325,412,Q,15
38,505,347,U,17
39,430,347,U,18
40,353,349,U,19
41,276,350,U,20
46,276,471,U,25
47,353,472,U,26
48,429,471,U,27
49,504,472,U,28
55,338,412,U,34
56,338,456,U,35
57,277,456,U,36
58,415,412,U,37
59,415,458,U,38
60,351,457,U,39
61,429,458,U,40
62,503,459,U,41
67,491,458,U,46
68,566,457,U,47
74,492,412,U,53
75,566,412,U,54
85,504,448,U,64
86,429,447,U,65
87,352,447,U,66
88,276,448,U,67
91,254,472,U,70
92,254,348,U,71
384,352,328,U,299
385,431,320,U,300
386,504,310,U,301
399,276,333,U,314
441,351,528,C,345
442,301,553,B,345
443,351,578,E,345
444,430,527,C,346
445,380,552,B,346
446,430,577,E,346
448,351,519,N,345
449,430,518,N,346
450,503,525,C,347
451,453,550,B,347
452,503,575,E,347
465,503,517,N,347
479,276,528,C,357
480,226,553,B,357
481,276,578,E,357
483,276,519,N,357
484,226,501,U,359
485,300,501,U,360
486,380,499,U,361
487,453,498,U,362
496,276,598,U,371
499,351,602,U,374
500,430,607,U,375
501,503,611,U,376
525,581,833,D,397
526,581,883,W,397
527,631,858,Q,397
528,507,834,D,398
529,507,884,W,398
530,557,859,Q,398
531,658,833,D,399
532,658,883,W,399
533,708,858,Q,399
534,729,833,D,400
535,729,883,W,400
536,779,858,Q,400
537,808,833,D,401
538,808,883,W,401
539,858,858,Q,401
540,432,833,D,402
541,432,883,W,402
542,482,858,Q,402
543,355,833,D,403
544,355,883,W,403
545,405,858,Q,403
546,278,833,D,404
547,278,883,W,404
548,328,858,Q,404
549,581,793,U,405
550,508,793,U,406
551,433,793,U,407
552,356,795,U,408
553,279,796,U,409
554,657,794,U,410
555,729,794,U,411
556,807,793,U,412
558,279,917,U,414
559,356,918,U,415
560,432,917,U,416
561,507,918,U,417
562,581,918,U,418
563,657,919,U,419
564,729,917,U,420
565,809,916,U,421
566,900,858,U,422
567,341,858,U,423
568,341,902,U,424
569,280,902,U,425
570,418,858,U,426
571,418,904,U,427
572,354,903,U,428
573,432,904,U,429
574,506,905,U,430
575,581,905,U,431
576,658,905,U,432
577,729,906,U,433
578,809,905,U,434
579,494,904,U,435
580,569,903,U,436
581,644,904,U,437
582,718,904,U,438
583,793,905,U,439
584,872,858,U,440
585,872,905,U,441
586,495,858,U,442
587,569,858,U,443
588,644,857,U,444
589,719,858,U,445
590,793,858,U,446
591,884,857,U,447
592,884,893,U,448
593,809,894,U,449
594,729,894,U,450
595,658,894,U,451
596,580,895,U,452
597,507,894,U,453
598,432,893,U,454
599,355,893,U,455
600,279,894,U,456
601,899,791,U,457
602,900,916,U,458
603,257,918,U,459
604,257,794,U,460
896,355,774,U,688
897,434,766,U,689
898,507,756,U,690
899,579,747,U,691
900,657,738,U,692
901,729,730,U,693
902,807,719,U,694
911,279,779,U,703
953,354,974,C,734
954,304,999,B,734
955,354,1024,E,734
956,433,973,C,735
957,383,998,B,735
958,433,1023,E,735
960,354,965,N,734
961,433,964,N,735
962,506,971,C,736
963,456,996,B,736
964,506,1021,E,736
965,582,971,C,737
966,533,996,B,737
967,582,1021,E,737
968,656,972,C,738
969,606,997,B,738
970,656,1022,E,738
971,732,970,C,739
972,682,995,B,739
973,732,1020,E,739
974,803,970,C,740
975,753,995,B,740
976,803,1020,E,740
977,506,963,N,736
978,582,963,N,737
979,656,964,N,738
980,732,962,N,739
981,804,961,N,740
991,279,974,C,746
992,229,999,B,746
993,279,1024,E,746
995,279,965,N,746
996,229,947,U,748
997,303,947,U,749
998,383,945,U,750
999,456,944,U,751
1000,533,945,U,752
1001,605,944,U,753
1002,681,944,U,754
1003,753,947,U,755
1008,279,1044,U,760
1011,354,1048,U,763
1012,433,1053,U,764
1013,506,1057,U,765
1014,581,1064,U,766
1015,655,1070,U,767
1016,731,1076,U,768
1017,803,1083,U,769
1342,732,1345,U,1020
1355,809,1345,U,1031
1356,913,1344,U,1032
1361,942,1343,U,1035
1362,942,1509,U,1036
1365,844,1508,U,1039
1367,829,1494,U,1041
1368,828,1433,U,1042
1423,829,1303,U,1083
1433,908,1305,U,1093
1434,924,1305,U,1094
1438,763,1313,U,1098
1439,859,1313,U,1099
1440,779,1247,U,1100
1441,744,1223,U,1101
1442,743,1322,U,1102
1443,940,1322,U,1103
1444,941,1223,U,1104
1542,1058,1395,U,1171
1543,1058,1332,U,1172
1546,969,1244,U,1174
1547,968,1407,U,1175
1552,1080,1408,U,1180
1553,1081,1244,U,1181
1567,711,1202,U,1195
1572,844,1213,U,1200
1573,1045,1214,U,1201
1574,955,1214,U,1202
1575,954,1334,U,1203
1579,720,1246,U,1207
1583,719,1394,U,1211
1589,724,1356,U,1217
1590,725,1295,U,1218
1591,955,1397,U,1219
1592,955,1370,U,1220
1594,961,1272,U,1222
1595,960,1294,U,1223
1656,784,1540,U,1266
1706,694,1356,U,1309
1716,692,1334,U,1319
1720,673,1334,U,1323
1733,680,1187,U,1336
1759,359,2021,C,1357
1760,309,2046,B,1357
1761,359,2071,E,1357
1765,359,2097,C,1359
1766,309,2122,B,1359
1767,359,2147,E,1359
1769,281,2046,U,1361
1770,281,2123,U,1362
1772,359,2093,N,1359
1777,282,1997,U,1367
1778,281,2160,U,1368
1785,463,2060,C,1375
1786,413,2085,B,1375
1787,463,2110,E,1375
1789,394,1997,U,1377
1790,359,1997,U,1378
1791,463,1996,U,1379
1792,359,2017,N,1357
1794,463,2050,N,1375
1795,492,2050,U,1381
1796,492,1995,U,1382
1797,492,2161,U,1383
1800,394,2160,U,1386
1802,379,2146,U,1388
1803,378,2085,U,1389
1845,379,1898,C,1423
1846,329,1923,B,1423
1847,379,1947,E,1423
1848,458,1898,C,1424
1849,408,1923,B,1424
1850,458,1947,E,1424
1851,293,1898,U,1425
1852,293,1946,U,1426
1853,491,1923,U,1427
1854,394,1875,U,1428
1855,394,1898,U,1429
1856,381,1898,N,1423
1857,448,1898,N,1424
1858,379,1955,U,1430
1868,458,1957,U,1440
1869,474,1957,U,1441
1871,474,1922,U,1443
1872,313,1946,U,1444
1873,313,1965,U,1445
1874,409,1965,U,1446
1875,329,1899,U,1447
1876,294,1875,U,1448
1877,293,1974,U,1449
1878,490,1974,U,1450
1879,491,1875,U,1451
1963,596,1920,C,1511
1964,546,1945,B,1511
1965,596,1970,E,1511
1969,596,1996,C,1513
1970,546,2021,B,1513
1971,596,2046,E,1513
1973,518,1945,U,1515
1974,518,2022,U,1516
1976,596,1992,N,1513
1977,608,2047,U,1518
1978,608,1984,U,1519
1979,596,1896,U,1520
1980,596,1916,N,1511
1981,519,1896,U,1521
1982,518,2059,U,1522
1985,630,1984,U,1525
1987,630,2060,U,1527
1988,631,1896,U,1528
1998,261,1965,U,1538
1999,261,2008,U,1539
2000,653,1984,U,1540
2001,462,1853,U,1541
2002,261,1854,U,1542
2003,261,2172,U,1543
2004,653,2173,U,1544
2005,653,1852,U,1545
2006,461,1865,U,1546
2007,394,1865,U,1547
2008,595,1866,U,1548
2009,505,1866,U,1549
2010,504,1986,U,1550
2012,394,1986,U,1552
2013,270,1965,U,1553
2014,270,1898,U,1554
2018,269,2046,U,1558
2021,273,2123,U,1561
2024,274,2008,U,1564
2025,275,1947,U,1565
2026,505,2049,U,1566
2027,505,2022,U,1567
2029,511,1924,U,1569
2030,510,1946,U,1570
2040,811,2021,C,1577
2041,761,2046,B,1577
2042,811,2071,E,1577
2046,811,2097,C,1579
2047,761,2122,B,1579
2048,811,2147,E,1579
2050,733,2046,U,1581
2051,733,2123,U,1582
2053,811,2093,N,1579
2058,734,1997,U,1587
2059,733,2160,U,1588
2066,915,2060,C,1595
2067,865,2085,B,1595
2068,915,2110,E,1595
2070,846,1997,U,1597
2071,811,1997,U,1598
2072,915,1996,U,1599
2073,811,2017,N,1577
2075,915,2050,N,1595
2076,944,2050,U,1601
2077,944,1995,U,1602
2078,944,2161,U,1603
2081,846,2160,U,1606
2083,831,2146,U,1608
2084,830,2085,U,1609
2126,831,1898,C,1643
2127,781,1923,B,1643
2128,831,1947,E,1643
2129,910,1898,C,1644
2130,860,1923,B,1644
2131,910,1947,E,1644
2132,745,1898,U,1645
2133,745,1946,U,1646
2134,943,1923,U,1647
2135,846,1875,U,1648
2136,846,1898,U,1649
2137,833,1898,N,1643
2138,900,1898,N,1644
2139,831,1955,U,1650
2149,910,1957,U,1660
2150,926,1957,U,1661
2152,926,1922,U,1663
2153,765,1946,U,1664
2154,765,1965,U,1665
2155,861,1965,U,1666
2156,781,1899,U,1667
2157,746,1875,U,1668
2158,745,1974,U,1669
2159,942,1974,U,1670
2160,943,1875,U,1671
2244,1048,1920,C,1731
2245,998,1945,B,1731
2246,1048,1970,E,1731
2250,1048,1996,C,1733
2251,998,2021,B,1733
2252,1048,2046,E,1733
2254,970,1945,U,1735
2255,970,2022,U,1736
2257,1048,1992,N,1733
2258,1060,2047,U,1738
2259,1060,1984,U,1739
2260,1048,1896,U,1740
2261,1048,1916,N,1731
2262,971,1896,U,1741
2263,970,2059,U,1742
2266,1082,1984,U,1745
2268,1082,2060,U,1747
2269,1083,1896,U,1748
2279,713,1965,U,1758
2280,713,2008,U,1759
2281,1105,1984,U,1760
2282,914,1853,U,1761
2283,713,1854,U,1762
2284,713,2172,U,1763
2285,1105,2173,U,1764
2286,1105,1852,U,1765
2287,913,1865,U,1766
2288,846,1865,U,1767
2289,1047,1866,U,1768
2290,957,1866,U,1769
2291,956,1986,U,1770
2293,846,1986,U,1772
2294,722,1965,U,1773
2295,722,1898,U,1774
2299,721,2046,U,1778
2302,725,2123,U,1781
2305,726,2008,U,1784
2306,727,1947,U,1785
2307,957,2049,U,1786
2308,957,2022,U,1787
2310,963,1924,U,1789
2311,962,1946,U,1790
2312,197,2135,U,1791
2313,197,2180,U,1792
2314,197,2224,U,1793
2318,352,2217,C,1796
2319,302,2242,B,1796
2320,352,2267,E,1796
2324,352,2293,C,1798
2325,302,2318,B,1798
2326,352,2343,E,1798
2328,274,2242,U,1800
2329,274,2319,U,1801
2331,352,2289,N,1798
2332,364,2344,U,1803
2333,364,2281,U,1804
2334,352,2193,U,1805
2335,352,2213,N,1796
2336,275,2193,U,1806
2337,274,2356,U,1807
2340,386,2281,U,1810
2342,386,2357,U,1812
2343,387,2193,U,1813
2347,751,2216,C,1816
2348,701,2241,B,1816
2349,751,2266,E,1816
2353,751,2292,C,1818
2354,701,2317,B,1818
2355,751,2342,E,1818
2357,673,2241,U,1820
2358,673,2318,U,1821
2360,751,2288,N,1818
2361,763,2343,U,1823
2362,763,2280,U,1824
2363,751,2192,U,1825
2364,751,2212,N,1816
2365,674,2192,U,1826
2366,673,2355,U,1827
2369,785,2280,U,1830
2371,785,2356,U,1832
2372,786,2192,U,1833
2376,900,2254,C,1836
2377,850,2279,B,1836
2378,900,2303,E,1836
2379,979,2254,C,1837
2380,929,2279,B,1837
2381,979,2303,E,1837
2382,814,2254,U,1838
2383,814,2302,U,1839
2384,1012,2279,U,1840
2385,915,2231,U,1841
2386,915,2254,U,1842
2387,902,2254,N,1836
2388,969,2254,N,1837
2389,900,2311,U,1843
2399,979,2313,U,1853
2400,995,2313,U,1854
2402,995,2278,U,1856
2403,834,2302,U,1857
2404,834,2321,U,1858
2405,930,2321,U,1859
2406,850,2255,U,1860
2407,815,2231,U,1861
2408,814,2330,U,1862
2409,1011,2330,U,1863
2410,1012,2231,U,1864
2411,1146,2158,U,1865
2412,1146,2203,U,1866
2413,683,1825,U,1867
2414,198,1822,U,1868
2415,197,2389,U,1869
2416,1145,2389,U,1870
2417,1145,1824,U,1871
2418,634,2318,U,1872
2419,633,2375,U,1873
2420,219,2375,U,1874
2421,220,2224,U,1875
2422,696,2008,U,1876
2423,696,2183,U,1877
2424,635,2183,U,1878
2425,221,2135,U,1879
2426,221,1965,U,1880
2427,238,2135,U,1881
2428,239,2319,U,1882
2429,246,2181,U,1883
2430,246,2010,U,1884
2431,247,2241,U,1885
2432,694,1986,U,1886
2433,694,1964,U,1887
2434,661,2241,U,1888
2436,675,1986,U,1890
2437,674,2158,U,1891
2438,661,2158,U,1892
2439,1126,1984,U,1893
2440,1127,2158,U,1894
2441,799,2281,U,1895
2442,799,2255,U,1896
2443,650,2282,U,1897
2444,650,2374,U,1898
2445,798,2375,U,1899
2446,799,2302,U,1900
2447,1126,2279,U,1901
2448,1127,2204,U,1902
2449,682,1839,U,1903
2450,462,1839,U,1904
2451,913,1839,U,1905
2452,1117,1839,U,1906
2453,1116,2184,U,1907
2454,914,2184,U,1908
2455,750,2182,U,1909
2456,1115,2381,U,1910
2457,404,2381,U,1911
2458,405,2182,U,1912
2459,352,2181,U,1913
2469,584,2622,D,1920
2470,584,2672,W,1920
2471,634,2647,Q,1920
2472,510,2623,D,1921
2473,510,2673,W,1921
2474,560,2648,Q,1921
2475,661,2622,D,1922
2476,661,2672,W,1922
2477,711,2647,Q,1922
2478,732,2622,D,1923
2479,732,2672,W,1923
2480,782,2647,Q,1923
2481,811,2622,D,1924
2482,811,2672,W,1924
2483,861,2647,Q,1924
2484,435,2622,D,1925
2485,435,2672,W,1925
2486,485,2647,Q,1925
2487,358,2622,D,1926
2488,358,2672,W,1926
2489,408,2647,Q,1926
2490,281,2622,D,1927
2491,281,2672,W,1927
2492,331,2647,Q,1927
2493,584,2582,U,1928
2494,511,2582,U,1929
2495,436,2582,U,1930
2496,359,2584,U,1931
2497,282,2585,U,1932
2498,660,2583,U,1933
2499,732,2583,U,1934
2500,810,2582,U,1935
2502,282,2706,U,1937
2503,359,2707,U,1938
2504,435,2706,U,1939
2505,510,2707,U,1940
2506,584,2707,U,1941
2507,660,2708,U,1942
2508,732,2706,U,1943
2509,812,2705,U,1944
2510,903,2647,U,1945
2511,344,2647,U,1946
2512,344,2691,U,1947
2513,283,2691,U,1948
2514,421,2647,U,1949
2515,421,2693,U,1950
2516,357,2692,U,1951
2517,435,2693,U,1952
2518,509,2694,U,1953
2519,584,2694,U,1954
2520,661,2694,U,1955
2521,732,2695,U,1956
2522,812,2694,U,1957
2523,497,2693,U,1958
2524,572,2692,U,1959
2525,647,2693,U,1960
2526,721,2693,U,1961
2527,796,2694,U,1962
2528,875,2647,U,1963
2529,875,2694,U,1964
2530,498,2647,U,1965
2531,572,2647,U,1966
2532,647,2646,U,1967
2533,722,2647,U,1968
2534,796,2647,U,1969
2535,887,2646,U,1970
2536,887,2682,U,1971
2537,812,2683,U,1972
2538,732,2683,U,1973
2539,661,2683,U,1974
2540,583,2684,U,1975
2541,510,2683,U,1976
2542,435,2682,U,1977
2543,358,2682,U,1978
2544,282,2683,U,1979
2545,902,2580,U,1980
2546,903,2705,U,1981
2547,260,2707,U,1982
2548,260,2583,U,1983
2840,358,2563,U,2211
2841,437,2555,U,2212
2842,510,2545,U,2213
2843,582,2536,U,2214
2844,660,2527,U,2215
2845,732,2519,U,2216
2846,810,2508,U,2217
2855,282,2568,U,2226
2981,584,3098,D,2309
2982,584,3148,W,2309
2983,634,3123,Q,2309
2984,510,3099,D,2310
2985,510,3149,W,2310
2986,560,3124,Q,2310
2987,661,3098,D,2311
2988,661,3148,W,2311
2989,711,3123,Q,2311
2990,732,3098,D,2312
2991,732,3148,W,2312
2992,782,3123,Q,2312
2993,811,3098,D,2313
2994,811,3148,W,2313
2995,861,3123,Q,2313
2996,435,3098,D,2314
2997,435,3148,W,2314
2998,485,3123,Q,2314
2999,358,3098,D,2315
3000,358,3148,W,2315
3001,408,3123,Q,2315
3002,281,3098,D,2316
3003,281,3148,W,2316
3004,331,3123,Q,2316
3005,584,3058,U,2317
3006,511,3058,U,2318
3007,436,3058,U,2319
3008,359,3060,U,2320
3009,282,3061,U,2321
3010,660,3059,U,2322
3011,732,3059,U,2323
3012,810,3058,U,2324
3014,282,3182,U,2326
3015,359,3183,U,2327
3016,435,3182,U,2328
3017,510,3183,U,2329
3018,584,3183,U,2330
3019,660,3184,U,2331
3020,732,3182,U,2332
3021,812,3181,U,2333
3022,903,3123,U,2334
3023,344,3123,U,2335
3024,344,3167,U,2336
3025,283,3167,U,2337
3026,421,3123,U,2338
3027,421,3169,U,2339
3028,357,3168,U,2340
3029,435,3169,U,2341
3030,509,3170,U,2342
3031,584,3170,U,2343
3032,661,3170,U,2344
3033,732,3171,U,2345
3034,812,3170,U,2346
3035,497,3169,U,2347
3036,572,3168,U,2348
3037,647,3169,U,2349
3038,721,3169,U,2350
3039,796,3170,U,2351
3040,875,3123,U,2352
3041,875,3170,U,2353
3042,498,3123,U,2354
3043,572,3123,U,2355
3044,647,3122,U,2356
3045,722,3123,U,2357
3046,796,3123,U,2358
3047,887,3122,U,2359
3048,887,3158,U,2360
3049,812,3159,U,2361
3050,732,3159,U,2362
3051,661,3159,U,2363
3052,583,3160,U,2364
3053,510,3159,U,2365
3054,435,3158,U,2366
3055,358,3158,U,2367
3056,282,3159,U,2368
3057,902,3056,U,2369
3058,903,3181,U,2370
3059,260,3183,U,2371
3060,260,3059,U,2372
3352,358,3039,U,2600
3353,437,3031,U,2601
3354,510,3021,U,2602
3355,582,3012,U,2603
3356,660,3003,U,2604
3357,732,2995,U,2605
3358,810,2984,U,2606
3367,282,3044,U,2615
3484,25,87,U,2692
3485,-230,88,U,2693
3486,-194,87,U,2694
3493,-157,87,U,2701
3494,-123,87,U,2702
3495,-78,87,U,2703
3496,-46,86,U,2704
3497,-11,87,U,2705
3507,-691,853,D,2712
3508,-691,903,W,2712
3509,-641,878,Q,2712
3510,-765,854,D,2713
3511,-765,904,W,2713
3512,-715,879,Q,2713
3513,-614,853,D,2714
3514,-614,903,W,2714
3515,-564,878,Q,2714
3516,-543,853,D,2715
3517,-543,903,W,2715
3518,-493,878,Q,2715
3519,-464,853,D,2716
3520,-464,903,W,2716
3521,-414,878,Q,2716
3522,-840,853,D,2717
3523,-840,903,W,2717
3524,-790,878,Q,2717
3525,-917,853,D,2718
3526,-917,903,W,2718
3527,-867,878,Q,2718
3528,-994,853,D,2719
3529,-994,903,W,2719
3530,-944,878,Q,2719
3531,-691,813,U,2720
3532,-764,813,U,2721
3533,-839,813,U,2722
3534,-916,815,U,2723
3535,-993,816,U,2724
3536,-615,814,U,2725
3537,-543,814,U,2726
3538,-465,813,U,2727
3540,-993,937,U,2729
3541,-916,938,U,2730
3542,-840,937,U,2731
3543,-765,938,U,2732
3544,-691,938,U,2733
3545,-615,939,U,2734
3546,-543,937,U,2735
3547,-463,936,U,2736
3549,-931,878,U,2738
3550,-931,922,U,2739
3551,-992,922,U,2740
3552,-854,878,U,2741
3553,-854,924,U,2742
3554,-918,923,U,2743
3555,-840,924,U,2744
3556,-766,925,U,2745
3557,-691,925,U,2746
3558,-614,925,U,2747
3559,-543,926,U,2748
3560,-463,925,U,2749
3561,-778,924,U,2750
3562,-703,923,U,2751
3563,-628,924,U,2752
3564,-554,924,U,2753
3565,-479,925,U,2754
3566,-400,878,U,2755
3567,-400,925,U,2756
3568,-777,878,U,2757
3569,-703,878,U,2758
3570,-628,877,U,2759
3571,-553,878,U,2760
3572,-479,878,U,2761
3575,-463,914,U,2764
3576,-543,914,U,2765
3577,-614,914,U,2766
3578,-692,915,U,2767
3579,-765,914,U,2768
3580,-840,913,U,2769
3581,-917,913,U,2770
3582,-993,914,U,2771
3583,-373,811,U,2772
3584,-372,936,U,2773
3585,-1015,938,U,2774
3586,-1015,814,U,2775
3878,-917,794,U,3003
3879,-838,786,U,3004
3880,-765,776,U,3005
3881,-693,767,U,3006
3882,-615,758,U,3007
3883,-543,750,U,3008
3884,-465,739,U,3009
3893,-993,799,U,3018
3935,-918,994,C,3049
3936,-968,1019,B,3049
3937,-918,1044,E,3049
3938,-839,993,C,3050
3939,-889,1018,B,3050
3940,-839,1043,E,3050
3942,-918,985,N,3049
3943,-839,984,N,3050
3944,-766,991,C,3051
3945,-816,1016,B,3051
3946,-766,1041,E,3051
3947,-690,991,C,3052
3948,-739,1016,B,3052
3949,-690,1041,E,3052
3950,-616,992,C,3053
3951,-666,1017,B,3053
3952,-616,1042,E,3053
3953,-540,990,C,3054
3954,-590,1015,B,3054
3955,-540,1040,E,3054
3956,-469,990,C,3055
3957,-519,1015,B,3055
3958,-469,1040,E,3055
3959,-766,983,N,3051
3960,-690,983,N,3052
3961,-616,984,N,3053
3962,-540,982,N,3054
3963,-468,981,N,3055
3973,-993,994,C,3061
3974,-1043,1019,B,3061
3975,-993,1044,E,3061
3977,-993,985,N,3061
3978,-1043,967,U,3063
3979,-969,967,U,3064
3980,-889,965,U,3065
3981,-816,964,U,3066
3982,-739,965,U,3067
3983,-667,964,U,3068
3984,-591,964,U,3069
3985,-519,967,U,3070
3990,-993,1064,U,3075
3993,-918,1068,U,3078
3994,-839,1073,U,3079
3995,-766,1077,U,3080
3996,-691,1084,U,3081
3997,-617,1090,U,3082
3998,-541,1096,U,3083
3999,-469,1103,U,3084
4009,-1081,965,U,3094
4019,-659,2647,D,3101
4020,-659,2697,W,3101
4021,-609,2672,Q,3101
4022,-733,2648,D,3102
4023,-733,2698,W,3102
4024,-683,2673,Q,3102
4025,-582,2647,D,3103
4026,-582,2697,W,3103
4027,-532,2672,Q,3103
4028,-511,2647,D,3104
4029,-511,2697,W,3104
4030,-461,2672,Q,3104
4031,-432,2647,D,3105
4032,-432,2697,W,3105
4033,-382,2672,Q,3105
4034,-808,2647,D,3106
4035,-808,2697,W,3106
4036,-758,2672,Q,3106
4037,-885,2647,D,3107
4038,-885,2697,W,3107
4039,-835,2672,Q,3107
4040,-962,2647,D,3108
4041,-962,2697,W,3108
4042,-912,2672,Q,3108
4043,-659,2607,U,3109
4044,-732,2607,U,3110
4045,-807,2607,U,3111
4046,-884,2609,U,3112
4047,-961,2610,U,3113
4048,-583,2608,U,3114
4049,-511,2608,U,3115
4050,-433,2607,U,3116
4052,-961,2731,U,3118
4053,-884,2732,U,3119
4054,-808,2731,U,3120
4055,-733,2732,U,3121
4057,-583,2733,U,3123
4058,-511,2731,U,3124
4059,-431,2730,U,3125
4061,-899,2672,U,3127
4062,-899,2716,U,3128
4063,-960,2716,U,3129
4064,-822,2672,U,3130
4065,-822,2718,U,3131
4066,-886,2717,U,3132
4067,-808,2718,U,3133
4068,-734,2719,U,3134
4069,-659,2719,U,3135
4070,-582,2719,U,3136
4071,-511,2720,U,3137
4072,-431,2719,U,3138
4073,-746,2718,U,3139
4074,-671,2717,U,3140
4075,-596,2718,U,3141
4076,-522,2718,U,3142
4077,-447,2719,U,3143
4078,-368,2672,U,3144
4079,-368,2719,U,3145
4080,-745,2672,U,3146
4081,-671,2672,U,3147
4082,-596,2671,U,3148
4083,-521,2672,U,3149
4084,-447,2672,U,3150
4087,-431,2708,U,3153
4088,-511,2708,U,3154
4089,-582,2708,U,3155
4090,-660,2709,U,3156
4091,-733,2708,U,3157
4092,-808,2707,U,3158
4093,-885,2707,U,3159
4094,-961,2708,U,3160
4095,-341,2605,U,3161
4096,-340,2730,U,3162
4097,-983,2732,U,3163
4098,-983,2608,U,3164
4390,-885,2588,U,3392
4391,-806,2580,U,3393
4392,-733,2570,U,3394
4393,-661,2561,U,3395
4394,-583,2552,U,3396
4395,-511,2544,U,3397
4396,-433,2533,U,3398
4405,-961,2593,U,3407
4447,-886,2788,C,3438
4448,-936,2813,B,3438
4449,-886,2838,E,3438
4450,-807,2787,C,3439
4451,-857,2812,B,3439
4452,-807,2837,E,3439
4454,-886,2779,N,3438
4455,-807,2778,N,3439
4456,-734,2785,C,3440
4457,-784,2810,B,3440
4458,-734,2835,E,3440
4459,-658,2785,C,3441
4460,-707,2810,B,3441
4461,-658,2835,E,3441
4462,-584,2786,C,3442
4463,-634,2811,B,3442
4464,-584,2836,E,3442
4465,-508,2784,C,3443
4466,-558,2809,B,3443
4467,-508,2834,E,3443
4468,-437,2784,C,3444
4469,-487,2809,B,3444
4470,-437,2834,E,3444
4471,-734,2777,N,3440
4473,-584,2778,N,3442
4474,-508,2776,N,3443
4475,-436,2775,N,3444
4485,-961,2788,C,3450
4486,-1011,2813,B,3450
4487,-961,2838,E,3450
4489,-961,2779,N,3450
4490,-1011,2761,U,3452
4491,-937,2761,U,3453
4492,-857,2759,U,3454
4493,-784,2758,U,3455
4494,-707,2759,U,3456
4495,-635,2758,U,3457
4496,-559,2758,U,3458
4497,-487,2761,U,3459
4502,-961,2858,U,3464
4505,-886,2862,U,3467
4506,-807,2867,U,3468
4507,-734,2871,U,3469
4508,-659,2878,U,3470
4509,-585,2884,U,3471
4510,-509,2890,U,3472
4511,-437,2897,U,3473
4521,-1049,2759,U,3483
4523,-199,-62,U,3485
4524,24,-90,U,3486
4525,-1178,-64,U,3487
4526,-1208,-91,U,3488
4527,1279,-92,U,3489
4528,1236,-57,U,3490
4535,-1217,869,U,3497
4536,-1211,2663,U,3498
4545,583,411,U,3507
4547,583,347,U,3509
4548,582,472,U,3510
4549,573,410,U,3511
4550,572,448,U,3512
4551,25,309,U,3513
4552,-10,320,U,3514
4553,-46,326,U,3515
4554,-77,332,U,3516
4555,25,610,U,3517
4556,-11,606,U,3518
4557,-45,600,U,3519
4558,-79,597,U,3520
4559,581,497,U,3521
4560,736,414,U,3522
4561,736,497,U,3523
4562,899,946,U,3524
4563,1028,856,U,3525
4564,1028,946,U,3526
4571,-984,2671,U,3533
4572,-970,2670,U,3534
4573,-970,2707,U,3535
4574,-659,2731,U,3536
4575,-658,2776,N,3441
4576,-1101,2670,U,3537
4577,-1101,2760,U,3538
4578,-1016,875,U,3539
4579,-1003,875,U,3540
4580,-1002,914,U,3541
4581,-1154,874,U,3542
4582,-1153,967,U,3543
4583,232,3539,U,3544
4584,275,3539,U,3545
4586,313,3538,U,3547
4587,353,3539,U,3548
4588,388,3540,U,3549
4589,423,3540,U,3550
4590,464,3540,U,3551
4591,497,3540,U,3552
4592,535,3539,U,3553
4593,570,3539,U,3554
4594,602,3536,U,3555
4595,638,3536,U,3556
4596,680,3535,U,3557
4597,713,3533,U,3558
4598,749,3535,U,3559
4599,779,3535,U,3560
4600,231,3566,U,3561
4601,274,3579,U,3562
4602,312,3592,U,3563
4603,352,3605,U,3564
4604,385,3616,U,3565
4605,422,3627,U,3566
4606,463,3640,U,3567
4607,497,3652,U,3568
4608,533,3663,U,3569
4609,569,3675,U,3570
4610,602,3686,U,3571
4611,637,3697,U,3572
4612,679,3706,U,3573
4613,712,3717,U,3574
4614,749,3728,U,3575
4615,779,3740,U,3576
4616,1281,3492,U,3577
4617,777,3489,U,3578
4618,747,3489,U,3579
4619,711,3489,U,3580
4620,679,3492,U,3581
4621,637,3489,U,3582
4622,601,3493,U,3583
4623,568,3492,U,3584
4624,534,3489,U,3585
4625,497,3493,U,3586
4626,461,3493,U,3587
4627,421,3493,U,3588
4628,386,3493,U,3589
4629,350,3493,U,3590
4630,312,3489,U,3591
4631,272,3493,U,3592
4632,233,3493,U,3593
4633,1196,3739,U,3594
4634,1165,3727,U,3595
4635,1141,3716,U,3596
4636,1112,3704,U,3597
4637,1083,3696,U,3598
4638,1060,3684,U,3599
4639,1034,3675,U,3600
4640,1012,3663,U,3601
4641,992,3651,U,3602
4642,969,3640,U,3603
4643,-1199,3624,U,3604
4644,-1224,3615,U,3605
4645,-1247,3604,U,3606
4646,-1265,3590,U,3607
4647,-1284,3577,U,3608
4648,-1306,3565,U,3609
4649,1083,3120,U,3610
4650,1059,2646,U,3611
4666,1393,1372,C,3622
4667,1343,1397,B,3622
4668,1393,1422,E,3622
4672,1393,1448,C,3624
4673,1343,1473,B,3624
4674,1393,1498,E,3624
4676,1315,1397,U,3626
4677,1315,1474,U,3627
4679,1393,1444,N,3624
4684,1316,1348,U,3632
4685,1315,1511,U,3633
4692,1497,1411,C,3640
4693,1447,1436,B,3640
4694,1497,1461,E,3640
4696,1428,1348,U,3642
4697,1393,1348,U,3643
4698,1497,1347,U,3644
4699,1393,1368,N,3622
4701,1497,1401,N,3640
4702,1526,1401,U,3646
4703,1526,1346,U,3647
4704,1526,1512,U,3648
4707,1428,1511,U,3651
4709,1413,1497,U,3653
4710,1412,1436,U,3654
4752,1413,1249,C,3688
4753,1363,1274,B,3688
4754,1413,1298,E,3688
4755,1492,1249,C,3689
4756,1442,1274,B,3689
4757,1492,1298,E,3689
4758,1327,1249,U,3690
4759,1327,1297,U,3691
4760,1525,1274,U,3692
4761,1428,1226,U,3693
4762,1428,1249,U,3694
4763,1415,1249,N,3688
4764,1482,1249,N,3689
4765,1413,1306,U,3695
4775,1492,1308,U,3705
4776,1508,1308,U,3706
4778,1508,1273,U,3708
4779,1347,1297,U,3709
4780,1347,1316,U,3710
4781,1443,1316,U,3711
4782,1363,1250,U,3712
4783,1328,1226,U,3713
4784,1327,1325,U,3714
4785,1524,1325,U,3715
4786,1525,1226,U,3716
4870,1630,1271,C,3776
4871,1580,1296,B,3776
4872,1630,1321,E,3776
4876,1630,1347,C,3778
4877,1580,1372,B,3778
4878,1630,1397,E,3778
4880,1552,1296,U,3780
4881,1552,1373,U,3781
4883,1630,1343,N,3778
4884,1642,1398,U,3783
4885,1642,1335,U,3784
4886,1630,1247,U,3785
4887,1630,1267,N,3776
4888,1553,1247,U,3786
4889,1552,1410,U,3787
4892,1664,1335,U,3790
4894,1664,1411,U,3792
4895,1665,1247,U,3793
4905,1295,1316,U,3803
4906,1295,1359,U,3804
4907,1687,1335,U,3805
4908,1496,1204,U,3806
4909,1295,1205,U,3807
4910,1295,1523,U,3808
4911,1687,1524,U,3809
4912,1687,1203,U,3810
4913,1495,1216,U,3811
4914,1428,1216,U,3812
4915,1629,1217,U,3813
4916,1539,1217,U,3814
4917,1538,1337,U,3815
4919,1428,1337,U,3817
4920,1304,1316,U,3818
4921,1304,1249,U,3819
4925,1303,1397,U,3823
4928,1307,1474,U,3826
4931,1308,1359,U,3829
4932,1309,1298,U,3830
4933,1539,1400,U,3831
4934,1539,1373,U,3832
4936,1545,1275,U,3834
4937,1544,1297,U,3835
4947,1845,1372,C,3842
4948,1795,1397,B,3842
4949,1845,1422,E,3842
4953,1845,1448,C,3844
4954,1795,1473,B,3844
4955,1845,1498,E,3844
4957,1767,1397,U,3846
4958,1767,1474,U,3847
4960,1845,1444,N,3844
4965,1768,1348,U,3852
4966,1767,1511,U,3853
4973,1949,1411,C,3860
4974,1899,1436,B,3860
4975,1949,1461,E,3860
4977,1880,1348,U,3862
4978,1845,1348,U,3863
4979,1949,1347,U,3864
4980,1845,1368,N,3842
4982,1949,1401,N,3860
4983,1978,1401,U,3866
4984,1978,1346,U,3867
4985,1978,1512,U,3868
4988,1880,1511,U,3871
4990,1865,1497,U,3873
4991,1864,1436,U,3874
5033,1865,1249,C,3908
5034,1815,1274,B,3908
5035,1865,1298,E,3908
5036,1944,1249,C,3909
5037,1894,1274,B,3909
5038,1944,1298,E,3909
5039,1779,1249,U,3910
5040,1779,1297,U,3911
5041,1977,1274,U,3912
5042,1880,1226,U,3913
5043,1880,1249,U,3914
5044,1867,1249,N,3908
5045,1934,1249,N,3909
5046,1865,1306,U,3915
5056,1944,1308,U,3925
5057,1960,1308,U,3926
5059,1960,1273,U,3928
5060,1799,1297,U,3929
5061,1799,1316,U,3930
5062,1895,1316,U,3931
5063,1815,1250,U,3932
5064,1780,1226,U,3933
5065,1779,1325,U,3934
5066,1976,1325,U,3935
5067,1977,1226,U,3936
5151,2082,1271,C,3996
5152,2032,1296,B,3996
5153,2082,1321,E,3996
5157,2082,1347,C,3998
5158,2032,1372,B,3998
5159,2082,1397,E,3998
5161,2004,1296,U,4000
5162,2004,1373,U,4001
5164,2082,1343,N,3998
5165,2094,1398,U,4003
5166,2094,1335,U,4004
5167,2082,1247,U,4005
5168,2082,1267,N,3996
5169,2005,1247,U,4006
5170,2004,1410,U,4007
5173,2116,1335,U,4010
5175,2116,1411,U,4012
5176,2117,1247,U,4013
5186,1747,1316,U,4023
5187,1747,1359,U,4024
5188,2139,1335,U,4025
5189,1948,1204,U,4026
5190,1747,1205,U,4027
5191,1747,1523,U,4028
5192,2139,1524,U,4029
5193,2139,1203,U,4030
5194,1947,1216,U,4031
5195,1880,1216,U,4032
5196,2081,1217,U,4033
5197,1991,1217,U,4034
5198,1990,1337,U,4035
5200,1880,1337,U,4037
5201,1756,1316,U,4038
5202,1756,1249,U,4039
5206,1755,1397,U,4043
5209,1759,1474,U,4046
5212,1760,1359,U,4049
5213,1761,1298,U,4050
5214,1991,1400,U,4051
5215,1991,1373,U,4052
5217,1997,1275,U,4054
5218,1996,1297,U,4055
5219,1231,1486,U,4056
5220,1231,1531,U,4057
5221,1231,1575,U,4058
5225,1386,1568,C,4061
5226,1336,1593,B,4061
5227,1386,1618,E,4061
5231,1386,1644,C,4063
5232,1336,1669,B,4063
5233,1386,1694,E,4063
5235,1308,1593,U,4065
5236,1308,1670,U,4066
5238,1386,1640,N,4063
5239,1398,1695,U,4068
5240,1398,1632,U,4069
5241,1386,1544,U,4070
5242,1386,1564,N,4061
5243,1309,1544,U,4071
5244,1308,1707,U,4072
5247,1420,1632,U,4075
5249,1420,1708,U,4077
5250,1421,1544,U,4078
5254,1785,1567,C,4081
5255,1735,1592,B,4081
5256,1785,1617,E,4081
5260,1785,1643,C,4083
5261,1735,1668,B,4083
5262,1785,1693,E,4083
5264,1707,1592,U,4085
5265,1707,1669,U,4086
5267,1785,1639,N,4083
5268,1797,1694,U,4088
5269,1797,1631,U,4089
5270,1785,1543,U,4090
5271,1785,1563,N,4081
5272,1708,1543,U,4091
5273,1707,1706,U,4092
5276,1819,1631,U,4095
5278,1819,1707,U,4097
5279,1820,1543,U,4098
5283,1934,1605,C,4101
5284,1884,1630,B,4101
5285,1934,1654,E,4101
5286,2013,1605,C,4102
5287,1963,1630,B,4102
5288,2013,1654,E,4102
5289,1848,1605,U,4103
5290,1848,1653,U,4104
5291,2046,1630,U,4105
5292,1949,1582,U,4106
5293,1949,1605,U,4107
5294,1936,1605,N,4101
5295,2003,1605,N,4102
5296,1934,1662,U,4108
5306,2013,1664,U,4118
5307,2029,1664,U,4119
5309,2029,1629,U,4121
5310,1868,1653,U,4122
5311,1868,1672,U,4123
5312,1964,1672,U,4124
5313,1884,1606,U,4125
5314,1849,1582,U,4126
5315,1848,1681,U,4127
5316,2045,1681,U,4128
5317,2046,1582,U,4129
5318,2180,1509,U,4130
5319,2180,1554,U,4131
5322,1231,1740,U,4134
5323,2179,1740,U,4135
5325,1668,1669,U,4137
5326,1667,1726,U,4138
5327,1253,1726,U,4139
5328,1254,1575,U,4140
5329,1730,1359,U,4141
5330,1730,1534,U,4142
5331,1669,1534,U,4143
5332,1255,1486,U,4144
5333,1255,1316,U,4145
5334,1272,1486,U,4146
5335,1273,1670,U,4147
5336,1280,1532,U,4148
5337,1280,1361,U,4149
5338,1281,1592,U,4150
5339,1728,1337,U,4151
5340,1728,1315,U,4152
5341,1695,1592,U,4153
5343,1709,1337,U,4155
5344,1708,1509,U,4156
5345,1695,1509,U,4157
5346,2160,1335,U,4158
5347,2161,1509,U,4159
5348,1833,1632,U,4160
5349,1833,1606,U,4161
5350,1684,1633,U,4162
5351,1684,1725,U,4163
5352,1832,1726,U,4164
5353,1833,1653,U,4165
5354,2160,1630,U,4166
5355,2161,1555,U,4167
5357,1496,1190,U,4169
5358,1947,1190,U,4170
5359,2151,1190,U,4171
5360,2150,1535,U,4172
5361,1948,1535,U,4173
5362,1784,1533,U,4174
5363,2149,1732,U,4175
5364,1438,1732,U,4176
5365,1439,1533,U,4177
5366,1386,1532,U,4178
5382,1393,2023,C,4189
5383,1343,2048,B,4189
5384,1393,2073,E,4189
5388,1393,2099,C,4191
5389,1343,2124,B,4191
5390,1393,2149,E,4191
5392,1315,2048,U,4193
5393,1315,2125,U,4194
5395,1393,2095,N,4191
5400,1316,1999,U,4199
5401,1315,2162,U,4200
5408,1497,2062,C,4207
5409,1447,2087,B,4207
5410,1497,2112,E,4207
5412,1428,1999,U,4209
5413,1393,1999,U,4210
5414,1497,1998,U,4211
5415,1393,2019,N,4189
5417,1497,2052,N,4207
5418,1526,2052,U,4213
5419,1526,1997,U,4214
5420,1526,2163,U,4215
5423,1428,2162,U,4218
5425,1413,2148,U,4220
5426,1412,2087,U,4221
5468,1413,1900,C,4255
5469,1363,1925,B,4255
5470,1413,1949,E,4255
5471,1492,1900,C,4256
5472,1442,1925,B,4256
5473,1492,1949,E,4256
5474,1327,1900,U,4257
5475,1327,1948,U,4258
5476,1525,1925,U,4259
5477,1428,1877,U,4260
5478,1428,1900,U,4261
5479,1415,1900,N,4255
5480,1482,1900,N,4256
5481,1413,1957,U,4262
5491,1492,1959,U,4272
5492,1508,1959,U,4273
5494,1508,1924,U,4275
5495,1347,1948,U,4276
5496,1347,1967,U,4277
5497,1443,1967,U,4278
5498,1363,1901,U,4279
5499,1328,1877,U,4280
5500,1327,1976,U,4281
5501,1524,1976,U,4282
5502,1525,1877,U,4283
5586,1630,1922,C,4343
5587,1580,1947,B,4343
5588,1630,1972,E,4343
5592,1630,1998,C,4345
5593,1580,2023,B,4345
5594,1630,2048,E,4345
5596,1552,1947,U,4347
5597,1552,2024,U,4348
5599,1630,1994,N,4345
5600,1642,2049,U,4350
5601,1642,1986,U,4351
5602,1630,1898,U,4352
5603,1630,1918,N,4343
5604,1553,1898,U,4353
5605,1552,2061,U,4354
5608,1664,1986,U,4357
5610,1664,2062,U,4359
5611,1665,1898,U,4360
5621,1295,1967,U,4370
5622,1295,2010,U,4371
5623,1687,1986,U,4372
5624,1496,1855,U,4373
5625,1295,1856,U,4374
5626,1295,2174,U,4375
5627,1687,2175,U,4376
5628,1687,1854,U,4377
5629,1495,1867,U,4378
5630,1428,1867,U,4379
5631,1629,1868,U,4380
5632,1539,1868,U,4381
5633,1538,1988,U,4382
5635,1428,1988,U,4384
5636,1304,1967,U,4385
5637,1304,1900,U,4386
5641,1303,2048,U,4390
5644,1307,2125,U,4393
5647,1308,2010,U,4396
5648,1309,1949,U,4397
5649,1539,2051,U,4398
5650,1539,2024,U,4399
5652,1545,1926,U,4401
5653,1544,1948,U,4402
5663,1845,2023,C,4409
5664,1795,2048,B,4409
5665,1845,2073,E,4409
5669,1845,2099,C,4411
5670,1795,2124,B,4411
5671,1845,2149,E,4411
5673,1767,2048,U,4413
5674,1767,2125,U,4414
5676,1845,2095,N,4411
5681,1768,1999,U,4419
5682,1767,2162,U,4420
5689,1949,2062,C,4427
5690,1899,2087,B,4427
5691,1949,2112,E,4427
5693,1880,1999,U,4429
5694,1845,1999,U,4430
5695,1949,1998,U,4431
5696,1845,2019,N,4409
5698,1949,2052,N,4427
5699,1978,2052,U,4433
5700,1978,1997,U,4434
5701,1978,2163,U,4435
5704,1880,2162,U,4438
5706,1865,2148,U,4440
5707,1864,2087,U,4441
5749,1865,1900,C,4475
5750,1815,1925,B,4475
5751,1865,1949,E,4475
5752,1944,1900,C,4476
5753,1894,1925,B,4476
5754,1944,1949,E,4476
5755,1779,1900,U,4477
5756,1779,1948,U,4478
5757,1977,1925,U,4479
5758,1880,1877,U,4480
5759,1880,1900,U,4481
5760,1867,1900,N,4475
5761,1934,1900,N,4476
5762,1865,1957,U,4482
5772,1944,1959,U,4492
5773,1960,1959,U,4493
5775,1960,1924,U,4495
5776,1799,1948,U,4496
5777,1799,1967,U,4497
5778,1895,1967,U,4498
5779,1815,1901,U,4499
5780,1780,1877,U,4500
5781,1779,1976,U,4501
5782,1976,1976,U,4502
5783,1977,1877,U,4503
5867,2082,1922,C,4563
5868,2032,1947,B,4563
5869,2082,1972,E,4563
5873,2082,1998,C,4565
5874,2032,2023,B,4565
5875,2082,2048,E,4565
5877,2004,1947,U,4567
5878,2004,2024,U,4568
5880,2082,1994,N,4565
5881,2094,2049,U,4570
5882,2094,1986,U,4571
5883,2082,1898,U,4572
5884,2082,1918,N,4563
5885,2005,1898,U,4573
5886,2004,2061,U,4574
5889,2116,1986,U,4577
5891,2116,2062,U,4579
5892,2117,1898,U,4580
5902,1747,1967,U,4590
5903,1747,2010,U,4591
5904,2139,1986,U,4592
5905,1948,1855,U,4593
5906,1747,1856,U,4594
5907,1747,2174,U,4595
5908,2139,2175,U,4596
5909,2139,1854,U,4597
5910,1947,1867,U,4598
5911,1880,1867,U,4599
5912,2081,1868,U,4600
5913,1991,1868,U,4601
5914,1990,1988,U,4602
5916,1880,1988,U,4604
5917,1756,1967,U,4605
5918,1756,1900,U,4606
5922,1755,2048,U,4610
5925,1759,2125,U,4613
5928,1760,2010,U,4616
5929,1761,1949,U,4617
5930,1991,2051,U,4618
5931,1991,2024,U,4619
5933,1997,1926,U,4621
5934,1996,1948,U,4622
5935,1231,2137,U,4623
5936,1231,2182,U,4624
5937,1231,2226,U,4625
5941,1386,2219,C,4628
5942,1336,2244,B,4628
5943,1386,2269,E,4628
5947,1386,2295,C,4630
5948,1336,2320,B,4630
5949,1386,2345,E,4630
5951,1308,2244,U,4632
5952,1308,2321,U,4633
5954,1386,2291,N,4630
5955,1398,2346,U,4635
5956,1398,2283,U,4636
5957,1386,2195,U,4637
5958,1386,2215,N,4628
5959,1309,2195,U,4638
5960,1308,2358,U,4639
5963,1420,2283,U,4642
5965,1420,2359,U,4644
5966,1421,2195,U,4645
5970,1785,2218,C,4648
5971,1735,2243,B,4648
5972,1785,2268,E,4648
5976,1785,2294,C,4650
5977,1735,2319,B,4650
5978,1785,2344,E,4650
5980,1707,2243,U,4652
5981,1707,2320,U,4653
5983,1785,2290,N,4650
5984,1797,2345,U,4655
5985,1797,2282,U,4656
5986,1785,2194,U,4657
5987,1785,2214,N,4648
5988,1708,2194,U,4658
5989,1707,2357,U,4659
5992,1819,2282,U,4662
5994,1819,2358,U,4664
5995,1820,2194,U,4665
5999,1934,2256,C,4668
6000,1884,2281,B,4668
6001,1934,2305,E,4668
6002,2013,2256,C,4669
6003,1963,2281,B,4669
6004,2013,2305,E,4669
6005,1848,2256,U,4670
6006,1848,2304,U,4671
6007,2046,2281,U,4672
6008,1949,2233,U,4673
6009,1949,2256,U,4674
6010,1936,2256,N,4668
6011,2003,2256,N,4669
6012,1934,2313,U,4675
6022,2013,2315,U,4685
6023,2029,2315,U,4686
6025,2029,2280,U,4688
6026,1868,2304,U,4689
6027,1868,2323,U,4690
6028,1964,2323,U,4691
6029,1884,2257,U,4692
6030,1849,2233,U,4693
6031,1848,2332,U,4694
6032,2045,2332,U,4695
6033,2046,2233,U,4696
6034,2180,2160,U,4697
6035,2180,2205,U,4698
6036,1717,1827,U,4699
6037,1232,1824,U,4700
6038,1231,2391,U,4701
6039,2179,2391,U,4702
6040,2179,1826,U,4703
6041,1668,2320,U,4704
6042,1667,2377,U,4705
6043,1253,2377,U,4706
6044,1254,2226,U,4707
6045,1730,2010,U,4708
6046,1730,2185,U,4709
6047,1669,2185,U,4710
6048,1255,2137,U,4711
6049,1255,1967,U,4712
6050,1272,2137,U,4713
6051,1273,2321,U,4714
6052,1280,2183,U,4715
6053,1280,2012,U,4716
6054,1281,2243,U,4717
6055,1728,1988,U,4718
6056,1728,1966,U,4719
6057,1695,2243,U,4720
6059,1709,1988,U,4722
6060,1708,2160,U,4723
6061,1695,2160,U,4724
6062,2160,1986,U,4725
6063,2161,2160,U,4726
6064,1833,2283,U,4727
6065,1833,2257,U,4728
6066,1684,2284,U,4729
6067,1684,2376,U,4730
6068,1832,2377,U,4731
6069,1833,2304,U,4732
6070,2160,2281,U,4733
6071,2161,2206,U,4734
6072,1716,1841,U,4735
6073,1496,1841,U,4736
6074,1947,1841,U,4737
6075,2151,1841,U,4738
6076,2150,2186,U,4739
6077,1948,2186,U,4740
6078,1784,2184,U,4741
6079,2149,2383,U,4742
6080,1438,2383,U,4743
6081,1439,2184,U,4744
6082,1386,2183,U,4745
6098,2424,1369,C,4756
6099,2374,1394,B,4756
6100,2424,1419,E,4756
6104,2424,1445,C,4758
6105,2374,1470,B,4758
6106,2424,1495,E,4758
6108,2346,1394,U,4760
6109,2346,1471,U,4761
6111,2424,1441,N,4758
6116,2347,1345,U,4766
6117,2346,1508,U,4767
6124,2528,1408,C,4774
6125,2478,1433,B,4774
6126,2528,1458,E,4774
6128,2459,1345,U,4776
6129,2424,1345,U,4777
6130,2528,1344,U,4778
6131,2424,1365,N,4756
6133,2528,1398,N,4774
6134,2557,1398,U,4780
6135,2557,1343,U,4781
6136,2557,1509,U,4782
6139,2459,1508,U,4785
6141,2444,1494,U,4787
6142,2443,1433,U,4788
6184,2444,1246,C,4822
6185,2394,1271,B,4822
6186,2444,1295,E,4822
6187,2523,1246,C,4823
6188,2473,1271,B,4823
6189,2523,1295,E,4823
6190,2358,1246,U,4824
6191,2358,1294,U,4825
6192,2556,1271,U,4826
6193,2459,1223,U,4827
6194,2459,1246,U,4828
6195,2446,1246,N,4822
6196,2513,1246,N,4823
6197,2444,1303,U,4829
6207,2523,1305,U,4839
6208,2539,1305,U,4840
6210,2539,1270,U,4842
6211,2378,1294,U,4843
6212,2378,1313,U,4844
6213,2474,1313,U,4845
6214,2394,1247,U,4846
6215,2359,1223,U,4847
6216,2358,1322,U,4848
6217,2555,1322,U,4849
6218,2556,1223,U,4850
6302,2661,1268,C,4910
6303,2611,1293,B,4910
6304,2661,1318,E,4910
6308,2661,1344,C,4912
6309,2611,1369,B,4912
6310,2661,1394,E,4912
6312,2583,1293,U,4914
6313,2583,1370,U,4915
6315,2661,1340,N,4912
6316,2673,1395,U,4917
6317,2673,1332,U,4918
6318,2661,1244,U,4919
6319,2661,1264,N,4910
6320,2584,1244,U,4920
6321,2583,1407,U,4921
6324,2695,1332,U,4924
6326,2695,1408,U,4926
6327,2696,1244,U,4927
6337,2326,1313,U,4937
6338,2326,1356,U,4938
6339,2718,1332,U,4939
6340,2527,1201,U,4940
6341,2326,1202,U,4941
6342,2326,1520,U,4942
6343,2718,1521,U,4943
6344,2718,1200,U,4944
6345,2526,1213,U,4945
6346,2459,1213,U,4946
6347,2660,1214,U,4947
6348,2570,1214,U,4948
6349,2569,1334,U,4949
6351,2459,1334,U,4951
6352,2335,1313,U,4952
6353,2335,1246,U,4953
6357,2334,1394,U,4957
6360,2338,1471,U,4960
6363,2339,1356,U,4963
6364,2340,1295,U,4964
6365,2570,1397,U,4965
6366,2570,1370,U,4966
6368,2576,1272,U,4968
6369,2575,1294,U,4969
6379,2876,1369,C,4976
6380,2826,1394,B,4976
6381,2876,1419,E,4976
6385,2876,1445,C,4978
6386,2826,1470,B,4978
6387,2876,1495,E,4978
6389,2798,1394,U,4980
6390,2798,1471,U,4981
6392,2876,1441,N,4978
6397,2799,1345,U,4986
6398,2798,1508,U,4987
6405,2980,1408,C,4994
6406,2930,1433,B,4994
6407,2980,1458,E,4994
6409,2911,1345,U,4996
6410,2876,1345,U,4997
6411,2980,1344,U,4998
6412,2876,1365,N,4976
6414,2980,1398,N,4994
6415,3009,1398,U,5000
6416,3009,1343,U,5001
6417,3009,1509,U,5002
6420,2911,1508,U,5005
6422,2896,1494,U,5007
6423,2895,1433,U,5008
6465,2896,1246,C,5042
6466,2846,1271,B,5042
6467,2896,1295,E,5042
6468,2975,1246,C,5043
6469,2925,1271,B,5043
6470,2975,1295,E,5043
6471,2810,1246,U,5044
6472,2810,1294,U,5045
6473,3008,1271,U,5046
6474,2911,1223,U,5047
6475,2911,1246,U,5048
6476,2898,1246,N,5042
6477,2965,1246,N,5043
6478,2896,1303,U,5049
6488,2975,1305,U,5059
6489,2991,1305,U,5060
6491,2991,1270,U,5062
6492,2830,1294,U,5063
6493,2830,1313,U,5064
6494,2926,1313,U,5065
6495,2846,1247,U,5066
6496,2811,1223,U,5067
6497,2810,1322,U,5068
6498,3007,1322,U,5069
6499,3008,1223,U,5070
6583,3113,1268,C,5130
6584,3063,1293,B,5130
6585,3113,1318,E,5130
6589,3113,1344,C,5132
6590,3063,1369,B,5132
6591,3113,1394,E,5132
6593,3035,1293,U,5134
6594,3035,1370,U,5135
6596,3113,1340,N,5132
6597,3125,1395,U,5137
6598,3125,1332,U,5138
6599,3113,1244,U,5139
6600,3113,1264,N,5130
6601,3036,1244,U,5140
6602,3035,1407,U,5141
6605,3147,1332,U,5144
6607,3147,1408,U,5146
6608,3148,1244,U,5147
6618,2778,1313,U,5157
6619,2778,1356,U,5158
6620,3170,1332,U,5159
6621,2979,1201,U,5160
6622,2778,1202,U,5161
6623,2778,1520,U,5162
6624,3170,1521,U,5163
6625,3170,1200,U,5164
6626,2978,1213,U,5165
6627,2911,1213,U,5166
6628,3112,1214,U,5167
6629,3022,1214,U,5168
6630,3021,1334,U,5169
6632,2911,1334,U,5171
6633,2787,1313,U,5172
6634,2787,1246,U,5173
6638,2786,1394,U,5177
6641,2790,1471,U,5180
6644,2791,1356,U,5183
6645,2792,1295,U,5184
6646,3022,1397,U,5185
6647,3022,1370,U,5186
6649,3028,1272,U,5188
6650,3027,1294,U,5189
6651,2262,1483,U,5190
6652,2262,1528,U,5191
6653,2262,1572,U,5192
6657,2417,1565,C,5195
6658,2367,1590,B,5195
6659,2417,1615,E,5195
6663,2417,1641,C,5197
6664,2367,1666,B,5197
6665,2417,1691,E,5197
6667,2339,1590,U,5199
6668,2339,1667,U,5200
6670,2417,1637,N,5197
6671,2429,1692,U,5202
6672,2429,1629,U,5203
6673,2417,1541,U,5204
6674,2417,1561,N,5195
6675,2340,1541,U,5205
6676,2339,1704,U,5206
6679,2451,1629,U,5209
6681,2451,1705,U,5211
6682,2452,1541,U,5212
6686,2816,1564,C,5215
6687,2766,1589,B,5215
6688,2816,1614,E,5215
6692,2816,1640,C,5217
6693,2766,1665,B,5217
6694,2816,1690,E,5217
6696,2738,1589,U,5219
6697,2738,1666,U,5220
6699,2816,1636,N,5217
6700,2828,1691,U,5222
6701,2828,1628,U,5223
6702,2816,1540,U,5224
6703,2816,1560,N,5215
6704,2739,1540,U,5225
6705,2738,1703,U,5226
6708,2850,1628,U,5229
6710,2850,1704,U,5231
6711,2851,1540,U,5232
6715,2965,1602,C,5235
6716,2915,1627,B,5235
6717,2965,1651,E,5235
6718,3044,1602,C,5236
6719,2994,1627,B,5236
6720,3044,1651,E,5236
6721,2879,1602,U,5237
6722,2879,1650,U,5238
6723,3077,1627,U,5239
6724,2980,1579,U,5240
6725,2980,1602,U,5241
6726,2967,1602,N,5235
6727,3034,1602,N,5236
6728,2965,1659,U,5242
6738,3044,1661,U,5252
6739,3060,1661,U,5253
6741,3060,1626,U,5255
6742,2899,1650,U,5256
6743,2899,1669,U,5257
6744,2995,1669,U,5258
6745,2915,1603,U,5259
6746,2880,1579,U,5260
6747,2879,1678,U,5261
6748,3076,1678,U,5262
6749,3077,1579,U,5263
6750,3211,1506,U,5264
6751,3211,1551,U,5265
6752,2748,1173,U,5266
6753,2263,1170,U,5267
6754,2262,1737,U,5268
6755,3210,1737,U,5269
6756,3210,1172,U,5270
6757,2699,1666,U,5271
6758,2698,1723,U,5272
6759,2284,1723,U,5273
6760,2285,1572,U,5274
6761,2761,1356,U,5275
6762,2761,1531,U,5276
6763,2700,1531,U,5277
6764,2286,1483,U,5278
6765,2286,1313,U,5279
6766,2303,1483,U,5280
6767,2304,1667,U,5281
6768,2311,1529,U,5282
6769,2311,1358,U,5283
6770,2312,1589,U,5284
6771,2759,1334,U,5285
6772,2759,1312,U,5286
6773,2726,1589,U,5287
6775,2740,1334,U,5289
6776,2739,1506,U,5290
6777,2726,1506,U,5291
6778,3191,1332,U,5292
6779,3192,1506,U,5293
6780,2864,1629,U,5294
6781,2864,1603,U,5295
6782,2715,1630,U,5296
6783,2715,1722,U,5297
6784,2863,1723,U,5298
6785,2864,1650,U,5299
6786,3191,1627,U,5300
6787,3192,1552,U,5301
6788,2747,1187,U,5302
6789,2527,1187,U,5303
6790,2978,1187,U,5304
6791,3182,1187,U,5305
6792,3181,1532,U,5306
6793,2979,1532,U,5307
6794,2815,1530,U,5308
6795,3180,1729,U,5309
6796,2469,1729,U,5310
6797,2470,1530,U,5311
6798,2417,1529,U,5312
6814,2421,2023,C,5323
6815,2371,2048,B,5323
6816,2421,2073,E,5323
6820,2421,2099,C,5325
6821,2371,2124,B,5325
6822,2421,2149,E,5325
6824,2343,2048,U,5327
6825,2343,2125,U,5328
6827,2421,2095,N,5325
6832,2344,1999,U,5333
6833,2343,2162,U,5334
6840,2525,2062,C,5341
6841,2475,2087,B,5341
6842,2525,2112,E,5341
6844,2456,1999,U,5343
6845,2421,1999,U,5344
6846,2525,1998,U,5345
6847,2421,2019,N,5323
6849,2525,2052,N,5341
6850,2554,2052,U,5347
6851,2554,1997,U,5348
6852,2554,2163,U,5349
6855,2456,2162,U,5352
6857,2441,2148,U,5354
6858,2440,2087,U,5355
6900,2441,1900,C,5389
6901,2391,1925,B,5389
6902,2441,1949,E,5389
6903,2520,1900,C,5390
6904,2470,1925,B,5390
6905,2520,1949,E,5390
6906,2355,1900,U,5391
6907,2355,1948,U,5392
6908,2553,1925,U,5393
6909,2456,1877,U,5394
6910,2456,1900,U,5395
6911,2443,1900,N,5389
6912,2510,1900,N,5390
6913,2441,1957,U,5396
6923,2520,1959,U,5406
6924,2536,1959,U,5407
6926,2536,1924,U,5409
6927,2375,1948,U,5410
6928,2375,1967,U,5411
6929,2471,1967,U,5412
6930,2391,1901,U,5413
6931,2356,1877,U,5414
6932,2355,1976,U,5415
6933,2552,1976,U,5416
6934,2553,1877,U,5417
7018,2658,1922,C,5477
7019,2608,1947,B,5477
7020,2658,1972,E,5477
7024,2658,1998,C,5479
7025,2608,2023,B,5479
7026,2658,2048,E,5479
7028,2580,1947,U,5481
7029,2580,2024,U,5482
7031,2658,1994,N,5479
7032,2670,2049,U,5484
7033,2670,1986,U,5485
7034,2658,1898,U,5486
7035,2658,1918,N,5477
7036,2581,1898,U,5487
7037,2580,2061,U,5488
7040,2692,1986,U,5491
7042,2692,2062,U,5493
7043,2693,1898,U,5494
7053,2323,1967,U,5504
7054,2323,2010,U,5505
7055,2715,1986,U,5506
7056,2524,1855,U,5507
7057,2323,1856,U,5508
7058,2323,2174,U,5509
7059,2715,2175,U,5510
7060,2715,1854,U,5511
7061,2523,1867,U,5512
7062,2456,1867,U,5513
7063,2657,1868,U,5514
7064,2567,1868,U,5515
7065,2566,1988,U,5516
7067,2456,1988,U,5518
7068,2332,1967,U,5519
7069,2332,1900,U,5520
7073,2331,2048,U,5524
7076,2335,2125,U,5527
7079,2336,2010,U,5530
7080,2337,1949,U,5531
7081,2567,2051,U,5532
7082,2567,2024,U,5533
7084,2573,1926,U,5535
7085,2572,1948,U,5536
7095,2873,2023,C,5543
7096,2823,2048,B,5543
7097,2873,2073,E,5543
7101,2873,2099,C,5545
7102,2823,2124,B,5545
7103,2873,2149,E,5545
7105,2795,2048,U,5547
7106,2795,2125,U,5548
7108,2873,2095,N,5545
7113,2796,1999,U,5553
7114,2795,2162,U,5554
7121,2977,2062,C,5561
7122,2927,2087,B,5561
7123,2977,2112,E,5561
7125,2908,1999,U,5563
7126,2873,1999,U,5564
7127,2977,1998,U,5565
7128,2873,2019,N,5543
7130,2977,2052,N,5561
7131,3006,2052,U,5567
7132,3006,1997,U,5568
7133,3006,2163,U,5569
7136,2908,2162,U,5572
7138,2893,2148,U,5574
7139,2892,2087,U,5575
7181,2893,1900,C,5609
7182,2843,1925,B,5609
7183,2893,1949,E,5609
7184,2972,1900,C,5610
7185,2922,1925,B,5610
7186,2972,1949,E,5610
7187,2807,1900,U,5611
7188,2807,1948,U,5612
7189,3005,1925,U,5613
7190,2908,1877,U,5614
7191,2908,1900,U,5615
7192,2895,1900,N,5609
7193,2962,1900,N,5610
7194,2893,1957,U,5616
7204,2972,1959,U,5626
7205,2988,1959,U,5627
7207,2988,1924,U,5629
7208,2827,1948,U,5630
7209,2827,1967,U,5631
7210,2923,1967,U,5632
7211,2843,1901,U,5633
7212,2808,1877,U,5634
7213,2807,1976,U,5635
7214,3004,1976,U,5636
7215,3005,1877,U,5637
7299,3110,1922,C,5697
7300,3060,1947,B,5697
7301,3110,1972,E,5697
7305,3110,1998,C,5699
7306,3060,2023,B,5699
7307,3110,2048,E,5699
7309,3032,1947,U,5701
7310,3032,2024,U,5702
7312,3110,1994,N,5699
7313,3122,2049,U,5704
7314,3122,1986,U,5705
7315,3110,1898,U,5706
7316,3110,1918,N,5697
7317,3033,1898,U,5707
7318,3032,2061,U,5708
7321,3144,1986,U,5711
7323,3144,2062,U,5713
7324,3145,1898,U,5714
7334,2775,1967,U,5724
7335,2775,2010,U,5725
7336,3167,1986,U,5726
7337,2976,1855,U,5727
7338,2775,1856,U,5728
7339,2775,2174,U,5729
7340,3167,2175,U,5730
7341,3167,1854,U,5731
7342,2975,1867,U,5732
7343,2908,1867,U,5733
7344,3109,1868,U,5734
7345,3019,1868,U,5735
7346,3018,1988,U,5736
7348,2908,1988,U,5738
7349,2784,1967,U,5739
7350,2784,1900,U,5740
7354,2783,2048,U,5744
7357,2787,2125,U,5747
7360,2788,2010,U,5750
7361,2789,1949,U,5751
7362,3019,2051,U,5752
7363,3019,2024,U,5753
7365,3025,1926,U,5755
7366,3024,1948,U,5756
7367,2259,2137,U,5757
7368,2259,2182,U,5758
7369,2259,2226,U,5759
7373,2414,2219,C,5762
7374,2364,2244,B,5762
7375,2414,2269,E,5762
7379,2414,2295,C,5764
7380,2364,2320,B,5764
7381,2414,2345,E,5764
7383,2336,2244,U,5766
7384,2336,2321,U,5767
7386,2414,2291,N,5764
7387,2426,2346,U,5769
7388,2426,2283,U,5770
7389,2414,2195,U,5771
7390,2414,2215,N,5762
7391,2337,2195,U,5772
7392,2336,2358,U,5773
7395,2448,2283,U,5776
7397,2448,2359,U,5778
7398,2449,2195,U,5779
7402,2813,2218,C,5782
7403,2763,2243,B,5782
7404,2813,2268,E,5782
7408,2813,2294,C,5784
7409,2763,2319,B,5784
7410,2813,2344,E,5784
7412,2735,2243,U,5786
7413,2735,2320,U,5787
7415,2813,2290,N,5784
7416,2825,2345,U,5789
7417,2825,2282,U,5790
7418,2813,2194,U,5791
7419,2813,2214,N,5782
7420,2736,2194,U,5792
7421,2735,2357,U,5793
7424,2847,2282,U,5796
7426,2847,2358,U,5798
7427,2848,2194,U,5799
7431,2962,2256,C,5802
7432,2912,2281,B,5802
7433,2962,2305,E,5802
7434,3041,2256,C,5803
7435,2991,2281,B,5803
7436,3041,2305,E,5803
7437,2876,2256,U,5804
7438,2876,2304,U,5805
7439,3074,2281,U,5806
7440,2977,2233,U,5807
7441,2977,2256,U,5808
7442,2964,2256,N,5802
7443,3031,2256,N,5803
7444,2962,2313,U,5809
7454,3041,2315,U,5819
7455,3057,2315,U,5820
7457,3057,2280,U,5822
7458,2896,2304,U,5823
7459,2896,2323,U,5824
7460,2992,2323,U,5825
7461,2912,2257,U,5826
7462,2877,2233,U,5827
7463,2876,2332,U,5828
7464,3073,2332,U,5829
7465,3074,2233,U,5830
7466,3208,2160,U,5831
7467,3208,2205,U,5832
7468,2745,1827,U,5833
7469,2260,1824,U,5834
7470,2259,2391,U,5835
7471,3207,2391,U,5836
7472,3207,1826,U,5837
7473,2696,2320,U,5838
7474,2695,2377,U,5839
7475,2281,2377,U,5840
7476,2282,2226,U,5841
7477,2758,2010,U,5842
7478,2758,2185,U,5843
7479,2697,2185,U,5844
7480,2283,2137,U,5845
7481,2283,1967,U,5846
7482,2300,2137,U,5847
7483,2301,2321,U,5848
7484,2308,2183,U,5849
7485,2308,2012,U,5850
7486,2309,2243,U,5851
7487,2756,1988,U,5852
7488,2756,1966,U,5853
7489,2723,2243,U,5854
7491,2737,1988,U,5856
7492,2736,2160,U,5857
7493,2723,2160,U,5858
7494,3188,1986,U,5859
7495,3189,2160,U,5860
7496,2861,2283,U,5861
7497,2861,2257,U,5862
7498,2712,2284,U,5863
7499,2712,2376,U,5864
7500,2860,2377,U,5865
7501,2861,2304,U,5866
7502,3188,2281,U,5867
7503,3189,2206,U,5868
7504,2744,1841,U,5869
7505,2524,1841,U,5870
7506,2975,1841,U,5871
7507,3179,1841,U,5872
7508,3178,2186,U,5873
7509,2976,2186,U,5874
7510,2812,2184,U,5875
7511,3177,2383,U,5876
7512,2466,2383,U,5877
7513,2467,2184,U,5878
7514,2414,2183,U,5879
7530,3452,1369,C,5890
7531,3402,1394,B,5890
7532,3452,1419,E,5890
7536,3452,1445,C,5892
7537,3402,1470,B,5892
7538,3452,1495,E,5892
7540,3374,1394,U,5894
7541,3374,1471,U,5895
7543,3452,1441,N,5892
7548,3375,1345,U,5900
7549,3374,1508,U,5901
7556,3556,1408,C,5908
7557,3506,1433,B,5908
7558,3556,1458,E,5908
7560,3487,1345,U,5910
7561,3452,1345,U,5911
7562,3556,1344,U,5912
7563,3452,1365,N,5890
7565,3556,1398,N,5908
7566,3585,1398,U,5914
7567,3585,1343,U,5915
7568,3585,1509,U,5916
7571,3487,1508,U,5919
7573,3472,1494,U,5921
7574,3471,1433,U,5922
7616,3472,1246,C,5956
7617,3422,1271,B,5956
7618,3472,1295,E,5956
7619,3551,1246,C,5957
7620,3501,1271,B,5957
7621,3551,1295,E,5957
7622,3386,1246,U,5958
7623,3386,1294,U,5959
7624,3584,1271,U,5960
7625,3487,1223,U,5961
7626,3487,1246,U,5962
7627,3474,1246,N,5956
7628,3541,1246,N,5957
7629,3472,1303,U,5963
7639,3551,1305,U,5973
7640,3567,1305,U,5974
7642,3567,1270,U,5976
7643,3406,1294,U,5977
7644,3406,1313,U,5978
7645,3502,1313,U,5979
7646,3422,1247,U,5980
7647,3387,1223,U,5981
7648,3386,1322,U,5982
7649,3583,1322,U,5983
7650,3584,1223,U,5984
7734,3689,1268,C,6044
7735,3639,1293,B,6044
7736,3689,1318,E,6044
7740,3689,1344,C,6046
7741,3639,1369,B,6046
7742,3689,1394,E,6046
7744,3611,1293,U,6048
7745,3611,1370,U,6049
7747,3689,1340,N,6046
7748,3701,1395,U,6051
7749,3701,1332,U,6052
7750,3689,1244,U,6053
7751,3689,1264,N,6044
7752,3612,1244,U,6054
7753,3611,1407,U,6055
7756,3723,1332,U,6058
7758,3723,1408,U,6060
7759,3724,1244,U,6061
7769,3354,1313,U,6071
7770,3354,1356,U,6072
7771,3746,1332,U,6073
7772,3555,1201,U,6074
7773,3354,1202,U,6075
7774,3354,1520,U,6076
7775,3746,1521,U,6077
7776,3746,1200,U,6078
7777,3554,1213,U,6079
7778,3487,1213,U,6080
7779,3688,1214,U,6081
7780,3598,1214,U,6082
7781,3597,1334,U,6083
7783,3487,1334,U,6085
7784,3363,1313,U,6086
7785,3363,1246,U,6087
7789,3362,1394,U,6091
7792,3366,1471,U,6094
7795,3367,1356,U,6097
7796,3368,1295,U,6098
7797,3598,1397,U,6099
7798,3598,1370,U,6100
7800,3604,1272,U,6102
7801,3603,1294,U,6103
7811,3904,1369,C,6110
7812,3854,1394,B,6110
7813,3904,1419,E,6110
7817,3904,1445,C,6112
7818,3854,1470,B,6112
7819,3904,1495,E,6112
7821,3826,1394,U,6114
7822,3826,1471,U,6115
7824,3904,1441,N,6112
7829,3827,1345,U,6120
7830,3826,1508,U,6121
7837,4008,1408,C,6128
7838,3958,1433,B,6128
7839,4008,1458,E,6128
7841,3939,1345,U,6130
7842,3904,1345,U,6131
7843,4008,1344,U,6132
7844,3904,1365,N,6110
7846,4008,1398,N,6128
7847,4037,1398,U,6134
7848,4037,1343,U,6135
7849,4037,1509,U,6136
7852,3939,1508,U,6139
7854,3924,1494,U,6141
7855,3923,1433,U,6142
7897,3924,1246,C,6176
7898,3874,1271,B,6176
7899,3924,1295,E,6176
7900,4003,1246,C,6177
7901,3953,1271,B,6177
7902,4003,1295,E,6177
7903,3838,1246,U,6178
7904,3838,1294,U,6179
7905,4036,1271,U,6180
7906,3939,1223,U,6181
7907,3939,1246,U,6182
7908,3926,1246,N,6176
7909,3993,1246,N,6177
7910,3924,1303,U,6183
7920,4003,1305,U,6193
7921,4019,1305,U,6194
7923,4019,1270,U,6196
7924,3858,1294,U,6197
7925,3858,1313,U,6198
7926,3954,1313,U,6199
7927,3874,1247,U,6200
7928,3839,1223,U,6201
7929,3838,1322,U,6202
7930,4035,1322,U,6203
7931,4036,1223,U,6204
8015,4141,1268,C,6264
8016,4091,1293,B,6264
8017,4141,1318,E,6264
8021,4141,1344,C,6266
8022,4091,1369,B,6266
8023,4141,1394,E,6266
8025,4063,1293,U,6268
8026,4063,1370,U,6269
8028,4141,1340,N,6266
8029,4153,1395,U,6271
8030,4153,1332,U,6272
8031,4141,1244,U,6273
8032,4141,1264,N,6264
8033,4064,1244,U,6274
8034,4063,1407,U,6275
8037,4175,1332,U,6278
8039,4175,1408,U,6280
8040,4176,1244,U,6281
8050,3806,1313,U,6291
8051,3806,1356,U,6292
8052,4198,1332,U,6293
8053,4007,1201,U,6294
8054,3806,1202,U,6295
8055,3806,1520,U,6296
8056,4198,1521,U,6297
8057,4198,1200,U,6298
8058,4006,1213,U,6299
8059,3939,1213,U,6300
8060,4140,1214,U,6301
8061,4050,1214,U,6302
8062,4049,1334,U,6303
8064,3939,1334,U,6305
8065,3815,1313,U,6306
8066,3815,1246,U,6307
8070,3814,1394,U,6311
8073,3818,1471,U,6314
8076,3819,1356,U,6317
8077,3820,1295,U,6318
8078,4050,1397,U,6319
8079,4050,1370,U,6320
8081,4056,1272,U,6322
8082,4055,1294,U,6323
8083,3290,1483,U,6324
8084,3290,1528,U,6325
8085,3290,1572,U,6326
8089,3445,1565,C,6329
8090,3395,1590,B,6329
8091,3445,1615,E,6329
8095,3445,1641,C,6331
8096,3395,1666,B,6331
8097,3445,1691,E,6331
8099,3367,1590,U,6333
8100,3367,1667,U,6334
8102,3445,1637,N,6331
8103,3457,1692,U,6336
8104,3457,1629,U,6337
8105,3445,1541,U,6338
8106,3445,1561,N,6329
8107,3368,1541,U,6339
8108,3367,1704,U,6340
8111,3479,1629,U,6343
8113,3479,1705,U,6345
8114,3480,1541,U,6346
8118,3844,1564,C,6349
8119,3794,1589,B,6349
8120,3844,1614,E,6349
8124,3844,1640,C,6351
8125,3794,1665,B,6351
8126,3844,1690,E,6351
8128,3766,1589,U,6353
8129,3766,1666,U,6354
8131,3844,1636,N,6351
8132,3856,1691,U,6356
8133,3856,1628,U,6357
8134,3844,1540,U,6358
8135,3844,1560,N,6349
8136,3767,1540,U,6359
8137,3766,1703,U,6360
8140,3878,1628,U,6363
8142,3878,1704,U,6365
8143,3879,1540,U,6366
8147,3993,1602,C,6369
8148,3943,1627,B,6369
8149,3993,1651,E,6369
8150,4072,1602,C,6370
8151,4022,1627,B,6370
8152,4072,1651,E,6370
8153,3907,1602,U,6371
8154,3907,1650,U,6372
8155,4105,1627,U,6373
8156,4008,1579,U,6374
8157,4008,1602,U,6375
8158,3995,1602,N,6369
8159,4062,1602,N,6370
8160,3993,1659,U,6376
8170,4072,1661,U,6386
8171,4088,1661,U,6387
8173,4088,1626,U,6389
8174,3927,1650,U,6390
8175,3927,1669,U,6391
8176,4023,1669,U,6392
8177,3943,1603,U,6393
8178,3908,1579,U,6394
8179,3907,1678,U,6395
8180,4104,1678,U,6396
8181,4105,1579,U,6397
8182,4239,1506,U,6398
8183,4239,1551,U,6399
8184,3776,1173,U,6400
8185,3291,1170,U,6401
8186,3290,1737,U,6402
8187,4238,1737,U,6403
8188,4238,1172,U,6404
8189,3727,1666,U,6405
8190,3726,1723,U,6406
8191,3312,1723,U,6407
8192,3313,1572,U,6408
8193,3789,1356,U,6409
8194,3789,1531,U,6410
8195,3728,1531,U,6411
8196,3314,1483,U,6412
8197,3314,1313,U,6413
8198,3331,1483,U,6414
8199,3332,1667,U,6415
8200,3339,1529,U,6416
8201,3339,1358,U,6417
8202,3340,1589,U,6418
8203,3787,1334,U,6419
8204,3787,1312,U,6420
8205,3754,1589,U,6421
8207,3768,1334,U,6423
8208,3767,1506,U,6424
8209,3754,1506,U,6425
8210,4219,1332,U,6426
8211,4220,1506,U,6427
8212,3892,1629,U,6428
8213,3892,1603,U,6429
8214,3743,1630,U,6430
8215,3743,1722,U,6431
8216,3891,1723,U,6432
8217,3892,1650,U,6433
8218,4219,1627,U,6434
8219,4220,1552,U,6435
8220,3775,1187,U,6436
8221,3555,1187,U,6437
8222,4006,1187,U,6438
8223,4210,1187,U,6439
8224,4209,1532,U,6440
8225,4007,1532,U,6441
8226,3843,1530,U,6442
8227,4208,1729,U,6443
8228,3497,1729,U,6444
8229,3498,1530,U,6445
8230,3445,1529,U,6446
8246,3452,2023,C,6457
8247,3402,2048,B,6457
8248,3452,2073,E,6457
8252,3452,2099,C,6459
8253,3402,2124,B,6459
8254,3452,2149,E,6459
8256,3374,2048,U,6461
8257,3374,2125,U,6462
8259,3452,2095,N,6459
8264,3375,1999,U,6467
8265,3374,2162,U,6468
8272,3556,2062,C,6475
8273,3506,2087,B,6475
8274,3556,2112,E,6475
8276,3487,1999,U,6477
8277,3452,1999,U,6478
8278,3556,1998,U,6479
8279,3452,2019,N,6457
8281,3556,2052,N,6475
8282,3585,2052,U,6481
8283,3585,1997,U,6482
8284,3585,2163,U,6483
8287,3487,2162,U,6486
8289,3472,2148,U,6488
8290,3471,2087,U,6489
8332,3472,1900,C,6523
8333,3422,1925,B,6523
8334,3472,1949,E,6523
8335,3551,1900,C,6524
8336,3501,1925,B,6524
8337,3551,1949,E,6524
8338,3386,1900,U,6525
8339,3386,1948,U,6526
8340,3584,1925,U,6527
8341,3487,1877,U,6528
8342,3487,1900,U,6529
8343,3474,1900,N,6523
8344,3541,1900,N,6524
8345,3472,1957,U,6530
8355,3551,1959,U,6540
8356,3567,1959,U,6541
8358,3567,1924,U,6543
8359,3406,1948,U,6544
8360,3406,1967,U,6545
8361,3502,1967,U,6546
8362,3422,1901,U,6547
8363,3387,1877,U,6548
8364,3386,1976,U,6549
8365,3583,1976,U,6550
8366,3584,1877,U,6551
8450,3689,1922,C,6611
8451,3639,1947,B,6611
8452,3689,1972,E,6611
8456,3689,1998,C,6613
8457,3639,2023,B,6613
8458,3689,2048,E,6613
8460,3611,1947,U,6615
8461,3611,2024,U,6616
8463,3689,1994,N,6613
8464,3701,2049,U,6618
8465,3701,1986,U,6619
8466,3689,1898,U,6620
8467,3689,1918,N,6611
8468,3612,1898,U,6621
8469,3611,2061,U,6622
8472,3723,1986,U,6625
8474,3723,2062,U,6627
8475,3724,1898,U,6628
8485,3354,1967,U,6638
8486,3354,2010,U,6639
8487,3746,1986,U,6640
8488,3555,1855,U,6641
8489,3354,1856,U,6642
8490,3354,2174,U,6643
8491,3746,2175,U,6644
8492,3746,1854,U,6645
8493,3554,1867,U,6646
8494,3487,1867,U,6647
8495,3688,1868,U,6648
8496,3598,1868,U,6649
8497,3597,1988,U,6650
8499,3487,1988,U,6652
8500,3363,1967,U,6653
8501,3363,1900,U,6654
8505,3362,2048,U,6658
8508,3366,2125,U,6661
8511,3367,2010,U,6664
8512,3368,1949,U,6665
8513,3598,2051,U,6666
8514,3598,2024,U,6667
8516,3604,1926,U,6669
8517,3603,1948,U,6670
8527,3904,2023,C,6677
8528,3854,2048,B,6677
8529,3904,2073,E,6677
8533,3904,2099,C,6679
8534,3854,2124,B,6679
8535,3904,2149,E,6679
8537,3826,2048,U,6681
8538,3826,2125,U,6682
8540,3904,2095,N,6679
8545,3827,1999,U,6687
8546,3826,2162,U,6688
8553,4008,2062,C,6695
8554,3958,2087,B,6695
8555,4008,2112,E,6695
8557,3939,1999,U,6697
8558,3904,1999,U,6698
8559,4008,1998,U,6699
8560,3904,2019,N,6677
8562,4008,2052,N,6695
8563,4037,2052,U,6701
8564,4037,1997,U,6702
8565,4037,2163,U,6703
8568,3939,2162,U,6706
8570,3924,2148,U,6708
8571,3923,2087,U,6709
8613,3924,1900,C,6743
8614,3874,1925,B,6743
8615,3924,1949,E,6743
8616,4003,1900,C,6744
8617,3953,1925,B,6744
8618,4003,1949,E,6744
8619,3838,1900,U,6745
8620,3838,1948,U,6746
8621,4036,1925,U,6747
8622,3939,1877,U,6748
8623,3939,1900,U,6749
8624,3926,1900,N,6743
8625,3993,1900,N,6744
8626,3924,1957,U,6750
8636,4003,1959,U,6760
8637,4019,1959,U,6761
8639,4019,1924,U,6763
8640,3858,1948,U,6764
8641,3858,1967,U,6765
8642,3954,1967,U,6766
8643,3874,1901,U,6767
8644,3839,1877,U,6768
8645,3838,1976,U,6769
8646,4035,1976,U,6770
8647,4036,1877,U,6771
8731,4141,1922,C,6831
8732,4091,1947,B,6831
8733,4141,1972,E,6831
8737,4141,1998,C,6833
8738,4091,2023,B,6833
8739,4141,2048,E,6833
8741,4063,1947,U,6835
8742,4063,2024,U,6836
8744,4141,1994,N,6833
8745,4153,2049,U,6838
8746,4153,1986,U,6839
8747,4141,1898,U,6840
8748,4141,1918,N,6831
8749,4064,1898,U,6841
8750,4063,2061,U,6842
8753,4175,1986,U,6845
8755,4175,2062,U,6847
8756,4176,1898,U,6848
8766,3806,1967,U,6858
8767,3806,2010,U,6859
8768,4198,1986,U,6860
8769,4007,1855,U,6861
8770,3806,1856,U,6862
8771,3806,2174,U,6863
8772,4198,2175,U,6864
8773,4198,1854,U,6865
8774,4006,1867,U,6866
8775,3939,1867,U,6867
8776,4140,1868,U,6868
8777,4050,1868,U,6869
8778,4049,1988,U,6870
8780,3939,1988,U,6872
8781,3815,1967,U,6873
8782,3815,1900,U,6874
8786,3814,2048,U,6878
8789,3818,2125,U,6881
8792,3819,2010,U,6884
8793,3820,1949,U,6885
8794,4050,2051,U,6886
8795,4050,2024,U,6887
8797,4056,1926,U,6889
8798,4055,1948,U,6890
8799,3290,2137,U,6891
8800,3290,2182,U,6892
8801,3290,2226,U,6893
8805,3445,2219,C,6896
8806,3395,2244,B,6896
8807,3445,2269,E,6896
8811,3445,2295,C,6898
8812,3395,2320,B,6898
8813,3445,2345,E,6898
8815,3367,2244,U,6900
8816,3367,2321,U,6901
8818,3445,2291,N,6898
8819,3457,2346,U,6903
8820,3457,2283,U,6904
8821,3445,2195,U,6905
8822,3445,2215,N,6896
8823,3368,2195,U,6906
8824,3367,2358,U,6907
8827,3479,2283,U,6910
8829,3479,2359,U,6912
8830,3480,2195,U,6913
8834,3844,2218,C,6916
8835,3794,2243,B,6916
8836,3844,2268,E,6916
8840,3844,2294,C,6918
8841,3794,2319,B,6918
8842,3844,2344,E,6918
8844,3766,2243,U,6920
8845,3766,2320,U,6921
8847,3844,2290,N,6918
8848,3856,2345,U,6923
8849,3856,2282,U,6924
8850,3844,2194,U,6925
8851,3844,2214,N,6916
8852,3767,2194,U,6926
8853,3766,2357,U,6927
8856,3878,2282,U,6930
8858,3878,2358,U,6932
8859,3879,2194,U,6933
8863,3993,2256,C,6936
8864,3943,2281,B,6936
8865,3993,2305,E,6936
8866,4072,2256,C,6937
8867,4022,2281,B,6937
8868,4072,2305,E,6937
8869,3907,2256,U,6938
8870,3907,2304,U,6939
8871,4105,2281,U,6940
8872,4008,2233,U,6941
8873,4008,2256,U,6942
8874,3995,2256,N,6936
8875,4062,2256,N,6937
8876,3993,2313,U,6943
8886,4072,2315,U,6953
8887,4088,2315,U,6954
8889,4088,2280,U,6956
8890,3927,2304,U,6957
8891,3927,2323,U,6958
8892,4023,2323,U,6959
8893,3943,2257,U,6960
8894,3908,2233,U,6961
8895,3907,2332,U,6962
8896,4104,2332,U,6963
8897,4105,2233,U,6964
8898,4239,2160,U,6965
8899,4239,2205,U,6966
8900,3776,1827,U,6967
8901,3291,1824,U,6968
8902,3290,2391,U,6969
8903,4238,2391,U,6970
8904,4238,1826,U,6971
8905,3727,2320,U,6972
8906,3726,2377,U,6973
8907,3312,2377,U,6974
8908,3313,2226,U,6975
8909,3789,2010,U,6976
8910,3789,2185,U,6977
8911,3728,2185,U,6978
8912,3314,2137,U,6979
8913,3314,1967,U,6980
8914,3331,2137,U,6981
8915,3332,2321,U,6982
8916,3339,2183,U,6983
8917,3339,2012,U,6984
8918,3340,2243,U,6985
8919,3787,1988,U,6986
8920,3787,1966,U,6987
8921,3754,2243,U,6988
8923,3768,1988,U,6990
8924,3767,2160,U,6991
8925,3754,2160,U,6992
8926,4219,1986,U,6993
8927,4220,2160,U,6994
8928,3892,2283,U,6995
8929,3892,2257,U,6996
8930,3743,2284,U,6997
8931,3743,2376,U,6998
8932,3891,2377,U,6999
8933,3892,2304,U,7000
8934,4219,2281,U,7001
8935,4220,2206,U,7002
8936,3775,1841,U,7003
8937,3555,1841,U,7004
8938,4006,1841,U,7005
8939,4210,1841,U,7006
8940,4209,2186,U,7007
8941,4007,2186,U,7008
8942,3843,2184,U,7009
8943,4208,2383,U,7010
8944,3497,2383,U,7011
8945,3498,2184,U,7012
8946,3445,2183,U,7013
8947,970,2488,U,7014
8948,993,2504,U,7015
8949,1014,2518,U,7016
8950,1032,2539,U,7017
8951,1112,2561,U,7018
8952,1137,2577,U,7019
8953,1164,2593,U,7020
8954,1191,2607,U,7021
8955,4438,2485,U,7022
8956,4463,2503,U,7023
8957,4491,2519,U,7024
8958,4520,2538,U,7025
8959,4548,2559,U,7026
8960,4573,2575,U,7027
8961,4598,2591,U,7028
8962,4623,2609,U,7029
8963,4597,1072,U,7030
8964,4574,1049,U,7031
8965,4549,1032,U,7032
8966,4465,1012,U,7033
8967,4440,992,U,7034
8968,1094,991,U,7035
8969,1118,1006,U,7036
8970,1139,1030,U,7037
8971,1163,1048,U,7038
8972,1190,1072,U,7039
8973,1090,855,U,7040
8974,1116,946,U,7041
8975,1138,455,U,7042
8976,1161,493,U,7043
8977,1190,413,U,7044
8978,1277,882,U,7045
8979,4702,882,U,7046
8980,4696,2706,U,7047
8981,1283,2712,U,7048
8982,24,717,U,7049
8983,-10,727,U,7050
8984,-44,737,U,7051
8985,-80,748,U,7052
8986,-122,756,U,7053
8987,-153,764,U,7054
8988,-194,774,U,7055
8989,-228,779,U,7056
8990,22,1084,U,7057
8991,-7,1076,U,7058
8992,-44,1070,U,7059
8993,-78,1065,U,7060
8994,-122,1055,U,7061
8995,-153,1054,U,7062
8996,-194,1047,U,7063
8997,-228,1041,U,7064
8999,20,2507,U,7066
9000,-7,2517,U,7067
9001,-44,2523,U,7068
9002,-78,2532,U,7069
9003,-121,2544,U,7070
9004,-153,2552,U,7071
9005,-194,2559,U,7072
9006,-226,2567,U,7073
