4,36,55,325,412,338,412,10
5,55,56,338,412,338,456,10
6,56,57,338,456,277,456,10
7,57,46,277,456,276,471,10
8,41,34,276,350,275,387,10
9,40,31,353,349,352,387,10
10,39,28,430,347,429,387,10
11,38,16,505,347,504,388,10
16,59,60,415,458,351,457,10
17,33,58,402,412,415,412,10
18,58,59,415,412,415,458,10
19,60,47,351,457,353,472,10
20,30,74,479,412,492,412,10
21,74,67,492,412,491,458,10
22,67,61,491,458,429,458,10
23,61,48,429,458,429,471,10
24,18,75,554,413,566,412,10
25,75,68,566,412,566,457,10
26,68,62,566,457,503,459,10
27,62,49,503,459,504,472,10
55,85,17,504,448,504,438,10
56,85,86,504,448,429,447,10
57,86,29,429,447,429,437,10
58,86,87,429,447,352,447,10
59,87,32,352,447,352,437,10
60,87,88,352,447,276,448,10
61,88,35,276,448,275,437,10
64,91,92,254,472,254,348,10
270,399,41,276,333,276,350,7
271,384,40,352,328,353,349,7
272,385,39,431,320,430,347,7
273,386,38,504,310,505,347,7
345,47,441,353,472,351,528,448
346,48,444,429,471,430,527,449
347,49,450,504,472,503,525,465
356,46,479,276,471,276,528,483
361,484,480,226,501,226,553,7
363,485,442,300,501,301,553,7
365,486,445,380,499,380,552,7
367,487,451,453,498,453,550,7
376,481,496,276,578,276,598,7
377,443,499,351,578,351,602,7
378,446,500,430,577,430,607,7
379,452,501,503,575,503,611,7
396,548,567,328,858,341,858,522
397,567,568,341,858,341,902,522
398,568,569,341,902,280,902,522
399,569,558,280,902,279,917,522
400,553,546,279,796,278,833,522
401,552,543,356,795,355,833,522
402,551,540,433,793,432,833,522
403,550,528,508,793,507,834,522
404,549,525,581,793,581,833,522
405,554,531,657,794,658,833,522
406,555,534,729,794,729,833,522
407,556,537,807,793,808,833,522
408,571,572,418,904,354,903,522
409,545,570,405,858,418,858,522
410,570,571,418,858,418,904,522
411,572,559,354,903,356,918,522
412,542,586,482,858,495,858,522
413,586,579,495,858,494,904,522
414,579,573,494,904,432,904,522
415,573,560,432,904,432,917,522
416,530,587,557,859,569,858,522
417,587,580,569,858,569,903,522
418,580,574,569,903,506,905,522
419,574,561,506,905,507,918,522
420,527,588,631,858,644,857,522
421,588,581,644,857,644,904,522
422,581,575,644,904,581,905,522
423,575,562,581,905,581,918,522
424,533,589,708,858,719,858,522
425,589,582,719,858,718,904,522
426,582,576,718,904,658,905,522
427,576,563,658,905,657,919,522
428,536,590,779,858,793,858,522
429,590,583,793,858,793,905,522
430,583,577,793,905,729,906,522
431,577,564,729,906,729,917,522
432,539,584,858,858,872,858,522
433,584,585,872,858,872,905,522
434,585,578,872,905,809,905,522
435,578,565,809,905,809,916,522
436,566,591,900,858,884,857,522
437,591,592,884,857,884,893,522
438,592,593,884,893,809,894,522
439,593,538,809,894,808,883,522
440,593,594,809,894,729,894,522
441,594,535,729,894,729,883,522
442,594,595,729,894,658,894,522
443,595,532,658,894,658,883,522
444,595,596,658,894,580,895,522
445,596,526,580,895,581,883,522
446,596,597,580,895,507,894,522
447,597,529,507,894,507,884,522
448,597,598,507,894,432,893,522
449,598,541,432,893,432,883,522
450,598,599,432,893,355,893,522
451,599,544,355,893,355,883,522
452,599,600,355,893,279,894,522
453,600,547,279,894,278,883,522
454,566,602,900,858,900,916,522
455,602,603,900,916,257,918,522
456,603,604,257,918,257,794,522
457,604,601,257,794,899,791,522
458,566,601,900,858,899,791,522
662,911,553,279,779,279,796,519
663,896,552,355,774,356,795,519
664,897,551,434,766,433,793,519
665,898,550,507,756,508,793,519
666,899,549,579,747,581,793,519
667,900,554,657,738,657,794,519
668,901,555,729,730,729,794,519
669,902,556,807,719,807,793,519
737,559,953,356,918,354,974,960
738,560,956,432,917,433,973,961
739,561,962,507,918,506,971,977
740,562,965,581,918,582,971,978
741,563,968,657,919,656,972,979
742,564,971,729,917,732,970,980
743,565,974,809,916,803,970,981
748,558,991,279,917,279,974,995
753,996,992,229,947,229,999,519
755,997,954,303,947,304,999,519
757,998,957,383,945,383,998,519
759,999,963,456,944,456,996,519
761,1000,966,533,945,533,996,519
763,1001,969,605,944,606,997,519
765,1002,972,681,944,682,995,519
767,1003,975,753,947,753,995,519
768,993,1008,279,1024,279,1044,519
769,955,1011,354,1024,354,1048,519
770,958,1012,433,1023,433,1053,519
771,964,1013,506,1021,506,1057,519
772,967,1014,582,1021,581,1064,519
773,970,1015,656,1022,655,1070,519
774,973,1016,732,1020,731,1076,519
775,976,1017,803,1020,803,1083,519
1902,2492,2511,331,2647,344,2647,2466
1903,2511,2512,344,2647,344,2691,2466
1904,2512,2513,344,2691,283,2691,2466
1905,2513,2502,283,2691,282,2706,2466
1906,2497,2490,282,2585,281,2622,2466
1907,2496,2487,359,2584,358,2622,2466
1908,2495,2484,436,2582,435,2622,2466
1909,2494,2472,511,2582,510,2623,2466
1910,2493,2469,584,2582,584,2622,2466
1911,2498,2475,660,2583,661,2622,2466
1912,2499,2478,732,2583,732,2622,2466
1913,2500,2481,810,2582,811,2622,2466
1914,2515,2516,421,2693,357,2692,2466
1915,2489,2514,408,2647,421,2647,2466
1916,2514,2515,421,2647,421,2693,2466
1917,2516,2503,357,2692,359,2707,2466
1918,2486,2530,485,2647,498,2647,2466
1919,2530,2523,498,2647,497,2693,2466
1920,2523,2517,497,2693,435,2693,2466
1921,2517,2504,435,2693,435,2706,2466
1922,2474,2531,560,2648,572,2647,2466
1923,2531,2524,572,2647,572,2692,2466
1924,2524,2518,572,2692,509,2694,2466
1925,2518,2505,509,2694,510,2707,2466
1926,2471,2532,634,2647,647,2646,2466
1927,2532,2525,647,2646,647,2693,2466
1928,2525,2519,647,2693,584,2694,2466
1929,2519,2506,584,2694,584,2707,2466
1930,2477,2533,711,2647,722,2647,2466
1931,2533,2526,722,2647,721,2693,2466
1932,2526,2520,721,2693,661,2694,2466
1933,2520,2507,661,2694,660,2708,2466
1934,2480,2534,782,2647,796,2647,2466
1935,2534,2527,796,2647,796,2694,2466
1936,2527,2521,796,2694,732,2695,2466
1937,2521,2508,732,2695,732,2706,2466
1938,2483,2528,861,2647,875,2647,2466
1939,2528,2529,875,2647,875,2694,2466
1940,2529,2522,875,2694,812,2694,2466
1941,2522,2509,812,2694,812,2705,2466
1942,2510,2535,903,2647,887,2646,2466
1943,2535,2536,887,2646,887,2682,2466
1944,2536,2537,887,2682,812,2683,2466
1945,2537,2482,812,2683,811,2672,2466
1946,2537,2538,812,2683,732,2683,2466
1947,2538,2479,732,2683,732,2672,2466
1948,2538,2539,732,2683,661,2683,2466
1949,2539,2476,661,2683,661,2672,2466
1950,2539,2540,661,2683,583,2684,2466
1951,2540,2470,583,2684,584,2672,2466
1952,2540,2541,583,2684,510,2683,2466
1953,2541,2473,510,2683,510,2673,2466
1954,2541,2542,510,2683,435,2682,2466
1955,2542,2485,435,2682,435,2672,2466
1956,2542,2543,435,2682,358,2682,2466
1957,2543,2488,358,2682,358,2672,2466
1958,2543,2544,358,2682,282,2683,2466
1959,2544,2491,282,2683,281,2672,2466
1960,2510,2546,903,2647,903,2705,2466
1961,2546,2547,903,2705,260,2707,2466
1962,2547,2548,260,2707,260,2583,2466
1963,2548,2545,260,2583,902,2580,2466
1964,2510,2545,903,2647,902,2580,2466
2168,2855,2497,282,2568,282,2585,2463
2169,2840,2496,358,2563,359,2584,2463
2170,2841,2495,437,2555,436,2582,2463
2171,2842,2494,510,2545,511,2582,2463
2172,2843,2493,582,2536,584,2582,2463
2173,2844,2498,660,2527,660,2583,2463
2174,2845,2499,732,2519,732,2583,2463
2175,2846,2500,810,2508,810,2582,2463
2294,3004,3023,331,3123,344,3123,2978
2295,3023,3024,344,3123,344,3167,2978
2296,3024,3025,344,3167,283,3167,2978
2297,3025,3014,283,3167,282,3182,2978
2298,3009,3002,282,3061,281,3098,2978
2299,3008,2999,359,3060,358,3098,2978
2300,3007,2996,436,3058,435,3098,2978
2301,3006,2984,511,3058,510,3099,2978
2302,3005,2981,584,3058,584,3098,2978
2303,3010,2987,660,3059,661,3098,2978
2304,3011,2990,732,3059,732,3098,2978
2305,3012,2993,810,3058,811,3098,2978
2306,3027,3028,421,3169,357,3168,2978
2307,3001,3026,408,3123,421,3123,2978
2308,3026,3027,421,3123,421,3169,2978
2309,3028,3015,357,3168,359,3183,2978
2310,2998,3042,485,3123,498,3123,2978
2311,3042,3035,498,3123,497,3169,2978
2312,3035,3029,497,3169,435,3169,2978
2313,3029,3016,435,3169,435,3182,2978
2314,2986,3043,560,3124,572,3123,2978
2315,3043,3036,572,3123,572,3168,2978
2316,3036,3030,572,3168,509,3170,2978
2317,3030,3017,509,3170,510,3183,2978
2318,2983,3044,634,3123,647,3122,2978
2319,3044,3037,647,3122,647,3169,2978
2320,3037,3031,647,3169,584,3170,2978
2321,3031,3018,584,3170,584,3183,2978
2322,2989,3045,711,3123,722,3123,2978
2323,3045,3038,722,3123,721,3169,2978
2324,3038,3032,721,3169,661,3170,2978
2325,3032,3019,661,3170,660,3184,2978
2326,2992,3046,782,3123,796,3123,2978
2327,3046,3039,796,3123,796,3170,2978
2328,3039,3033,796,3170,732,3171,2978
2329,3033,3020,732,3171,732,3182,2978
2330,2995,3040,861,3123,875,3123,2978
2331,3040,3041,875,3123,875,3170,2978
2332,3041,3034,875,3170,812,3170,2978
2333,3034,3021,812,3170,812,3181,2978
2334,3022,3047,903,3123,887,3122,2978
2335,3047,3048,887,3122,887,3158,2978
2336,3048,3049,887,3158,812,3159,2978
2337,3049,2994,812,3159,811,3148,2978
2338,3049,3050,812,3159,732,3159,2978
2339,3050,2991,732,3159,732,3148,2978
2340,3050,3051,732,3159,661,3159,2978
2341,3051,2988,661,3159,661,3148,2978
2342,3051,3052,661,3159,583,3160,2978
2343,3052,2982,583,3160,584,3148,2978
2344,3052,3053,583,3160,510,3159,2978
2345,3053,2985,510,3159,510,3149,2978
2346,3053,3054,510,3159,435,3158,2978
2347,3054,2997,435,3158,435,3148,2978
2348,3054,3055,435,3158,358,3158,2978
2349,3055,3000,358,3158,358,3148,2978
2350,3055,3056,358,3158,282,3159,2978
2351,3056,3003,282,3159,281,3148,2978
2352,3022,3058,903,3123,903,3181,2978
2353,3058,3059,903,3181,260,3183,2978
2354,3059,3060,260,3183,260,3059,2978
2355,3060,3057,260,3059,902,3056,2978
2356,3022,3057,903,3123,902,3056,2978
2560,3367,3009,282,3044,282,3061,2975
2561,3352,3008,358,3039,359,3060,2975
2562,3353,3007,437,3031,436,3058,2975
2563,3354,3006,510,3021,511,3058,2975
2564,3355,3005,582,3012,584,3058,2975
2565,3356,3010,660,3003,660,3059,2975
2566,3357,3011,732,2995,732,3059,2975
2567,3358,3012,810,2984,810,3058,2975
2686,3530,3549,-944,878,-931,878,3504
2687,3549,3550,-931,878,-931,922,3504
2688,3550,3551,-931,922,-992,922,3504
2689,3551,3540,-992,922,-993,937,3504
2690,3535,3528,-993,816,-994,853,3504
2691,3534,3525,-916,815,-917,853,3504
2692,3533,3522,-839,813,-840,853,3504
2693,3532,3510,-764,813,-765,854,3504
2694,3531,3507,-691,813,-691,853,3504
2695,3536,3513,-615,814,-614,853,3504
2696,3537,3516,-543,814,-543,853,3504
2697,3538,3519,-465,813,-464,853,3504
2698,3553,3554,-854,924,-918,923,3504
2699,3527,3552,-867,878,-854,878,3504
2700,3552,3553,-854,878,-854,924,3504
2701,3554,3541,-918,923,-916,938,3504
2702,3524,3568,-790,878,-777,878,3504
2703,3568,3561,-777,878,-778,924,3504
2704,3561,3555,-778,924,-840,924,3504
2705,3555,3542,-840,924,-840,937,3504
2706,3512,3569,-715,879,-703,878,3504
2707,3569,3562,-703,878,-703,923,3504
2708,3562,3556,-703,923,-766,925,3504
2709,3556,3543,-766,925,-765,938,3504
2710,3509,3570,-641,878,-628,877,3504
2711,3570,3563,-628,877,-628,924,3504
2712,3563,3557,-628,924,-691,925,3504
2713,3557,3544,-691,925,-691,938,3504
2714,3515,3571,-564,878,-553,878,3504
2715,3571,3564,-553,878,-554,924,3504
2716,3564,3558,-554,924,-614,925,3504
2717,3558,3545,-614,925,-615,939,3504
2718,3518,3572,-493,878,-479,878,3504
2719,3572,3565,-479,878,-479,925,3504
2720,3565,3559,-479,925,-543,926,3504
2721,3559,3546,-543,926,-543,937,3504
2722,3521,3566,-414,878,-400,878,3504
2723,3566,3567,-400,878,-400,925,3504
2724,3567,3560,-400,925,-463,925,3504
2725,3560,3547,-463,925,-463,936,3504
2729,3575,3520,-463,914,-464,903,3504
2731,3576,3517,-543,914,-543,903,3504
2733,3577,3514,-614,914,-614,903,3504
2735,3578,3508,-692,915,-691,903,3504
2737,3579,3511,-765,914,-765,904,3504
2739,3580,3523,-840,913,-840,903,3504
2741,3581,3526,-917,913,-917,903,3504
2743,3582,3529,-993,914,-994,903,3504
2952,3893,3535,-993,799,-993,816,3501
2953,3878,3534,-917,794,-916,815,3501
2954,3879,3533,-838,786,-839,813,3501
2955,3880,3532,-765,776,-764,813,3501
2956,3881,3531,-693,767,-691,813,3501
2957,3882,3536,-615,758,-615,814,3501
2958,3883,3537,-543,750,-543,814,3501
2959,3884,3538,-465,739,-465,813,3501
3027,3541,3935,-916,938,-918,994,3942
3028,3542,3938,-840,937,-839,993,3943
3029,3543,3944,-765,938,-766,991,3959
3030,3544,3947,-691,938,-690,991,3960
3031,3545,3950,-615,939,-616,992,3961
3032,3546,3953,-543,937,-540,990,3962
3033,3547,3956,-463,936,-469,990,3963
3038,3540,3973,-993,937,-993,994,3977
3043,3978,3974,-1043,967,-1043,1019,3501
3044,3978,3979,-1043,967,-969,967,3501
3045,3979,3936,-969,967,-968,1019,3501
3046,3979,3980,-969,967,-889,965,3501
3047,3980,3939,-889,965,-889,1018,3501
3048,3980,3981,-889,965,-816,964,3501
3049,3981,3945,-816,964,-816,1016,3501
3050,3981,3982,-816,964,-739,965,3501
3051,3982,3948,-739,965,-739,1016,3501
3052,3982,3983,-739,965,-667,964,3501
3053,3983,3951,-667,964,-666,1017,3501
3054,3983,3984,-667,964,-591,964,3501
3055,3984,3954,-591,964,-590,1015,3501
3056,3984,3985,-591,964,-519,967,3501
3057,3985,3957,-519,967,-519,1015,3501
3058,3975,3990,-993,1044,-993,1064,3501
3059,3937,3993,-918,1044,-918,1068,3501
3060,3940,3994,-839,1043,-839,1073,3501
3061,3946,3995,-766,1041,-766,1077,3501
3062,3949,3996,-690,1041,-691,1084,3501
3063,3952,3997,-616,1042,-617,1090,3501
3064,3955,3998,-540,1040,-541,1096,3501
3065,3958,3999,-469,1040,-469,1103,3501
3074,4009,3978,-1081,965,-1043,967,3498
3078,4042,4061,-912,2672,-899,2672,4016
3079,4061,4062,-899,2672,-899,2716,4016
3080,4062,4063,-899,2716,-960,2716,4016
3081,4063,4052,-960,2716,-961,2731,4016
3082,4047,4040,-961,2610,-962,2647,4016
3083,4046,4037,-884,2609,-885,2647,4016
3084,4045,4034,-807,2607,-808,2647,4016
3085,4044,4022,-732,2607,-733,2648,4016
3086,4043,4019,-659,2607,-659,2647,4016
3087,4048,4025,-583,2608,-582,2647,4016
3088,4049,4028,-511,2608,-511,2647,4016
3089,4050,4031,-433,2607,-432,2647,4016
3090,4065,4066,-822,2718,-886,2717,4016
3091,4039,4064,-835,2672,-822,2672,4016
3092,4064,4065,-822,2672,-822,2718,4016
3093,4066,4053,-886,2717,-884,2732,4016
3094,4036,4080,-758,2672,-745,2672,4016
3095,4080,4073,-745,2672,-746,2718,4016
3096,4073,4067,-746,2718,-808,2718,4016
3097,4067,4054,-808,2718,-808,2731,4016
3098,4024,4081,-683,2673,-671,2672,4016
3099,4081,4074,-671,2672,-671,2717,4016
3100,4074,4068,-671,2717,-734,2719,4016
3101,4068,4055,-734,2719,-733,2732,4016
3102,4021,4082,-609,2672,-596,2671,4016
3103,4082,4075,-596,2671,-596,2718,4016
3104,4075,4069,-596,2718,-659,2719,4016
3106,4027,4083,-532,2672,-521,2672,4016
3107,4083,4076,-521,2672,-522,2718,4016
3108,4076,4070,-522,2718,-582,2719,4016
3109,4070,4057,-582,2719,-583,2733,4016
3110,4030,4084,-461,2672,-447,2672,4016
3111,4084,4077,-447,2672,-447,2719,4016
3112,4077,4071,-447,2719,-511,2720,4016
3113,4071,4058,-511,2720,-511,2731,4016
3114,4033,4078,-382,2672,-368,2672,4016
3115,4078,4079,-368,2672,-368,2719,4016
3116,4079,4072,-368,2719,-431,2719,4016
3117,4072,4059,-431,2719,-431,2730,4016
3121,4087,4032,-431,2708,-432,2697,4016
3123,4088,4029,-511,2708,-511,2697,4016
3125,4089,4026,-582,2708,-582,2697,4016
3127,4090,4020,-660,2709,-659,2697,4016
3129,4091,4023,-733,2708,-733,2698,4016
3131,4092,4035,-808,2707,-808,2697,4016
3133,4093,4038,-885,2707,-885,2697,4016
3135,4094,4041,-961,2708,-962,2697,4016
3344,4405,4047,-961,2593,-961,2610,4013
3345,4390,4046,-885,2588,-884,2609,4013
3346,4391,4045,-806,2580,-807,2607,4013
3347,4392,4044,-733,2570,-732,2607,4013
3348,4393,4043,-661,2561,-659,2607,4013
3349,4394,4048,-583,2552,-583,2608,4013
3350,4395,4049,-511,2544,-511,2608,4013
3351,4396,4050,-433,2533,-433,2607,4013
3419,4053,4447,-884,2732,-886,2788,4454
3420,4054,4450,-808,2731,-807,2787,4455
3421,4055,4456,-733,2732,-734,2785,4471
3423,4057,4462,-583,2733,-584,2786,4473
3424,4058,4465,-511,2731,-508,2784,4474
3425,4059,4468,-431,2730,-437,2784,4475
3430,4052,4485,-961,2731,-961,2788,4489
3435,4490,4486,-1011,2761,-1011,2813,4013
3436,4490,4491,-1011,2761,-937,2761,4013
3437,4491,4448,-937,2761,-936,2813,4013
3438,4491,4492,-937,2761,-857,2759,4013
3439,4492,4451,-857,2759,-857,2812,4013
3440,4492,4493,-857,2759,-784,2758,4013
3441,4493,4457,-784,2758,-784,2810,4013
3442,4493,4494,-784,2758,-707,2759,4013
3443,4494,4460,-707,2759,-707,2810,4013
3444,4494,4495,-707,2759,-635,2758,4013
3445,4495,4463,-635,2758,-634,2811,4013
3446,4495,4496,-635,2758,-559,2758,4013
3447,4496,4466,-559,2758,-558,2809,4013
3448,4496,4497,-559,2758,-487,2761,4013
3449,4497,4469,-487,2761,-487,2809,4013
3450,4487,4502,-961,2838,-961,2858,4013
3451,4449,4505,-886,2838,-886,2862,4013
3452,4452,4506,-807,2837,-807,2867,4013
3453,4458,4507,-734,2835,-734,2871,4013
3454,4461,4508,-658,2835,-659,2878,4013
3455,4464,4509,-584,2836,-585,2884,4013
3456,4467,4510,-508,2834,-509,2890,4013
3457,4470,4511,-437,2834,-437,2897,4013
3466,4521,4490,-1049,2759,-1011,2761,4010
3467,4524,4527,24,-90,1279,-92,0
3468,4524,4526,24,-90,-1208,-91,0
3469,4523,4525,-199,-62,-1178,-64,0
3470,4523,4528,-199,-62,1236,-57,0
3477,4526,4535,-1208,-91,-1217,869,0
3478,4535,4536,-1217,869,-1211,2663,0
3504,4545,4549,583,411,573,410,0
3505,4549,4550,573,410,572,448,0
3506,4550,85,572,448,504,448,0
3507,4547,92,583,347,254,348,0
3508,4545,4547,583,411,583,347,0
3509,4545,4548,583,411,582,472,0
3510,4548,91,582,472,254,472,0
3511,3484,4551,25,87,25,309,0
3512,4551,3484,25,309,25,87,0
3513,3497,4552,-11,87,-10,320,0
3514,4552,3497,-10,320,-11,87,0
3515,3496,4553,-46,86,-46,326,0
3516,4553,3496,-46,326,-46,86,0
3517,3495,4554,-78,87,-77,332,0
3518,4554,3495,-77,332,-78,87,0
3519,4551,386,25,309,504,310,0
3520,4552,385,-10,320,431,320,0
3521,4553,384,-46,326,352,328,0
3522,4554,399,-77,332,276,333,0
3523,496,4558,276,598,-79,597,0
3524,499,4557,351,602,-45,600,0
3525,500,4556,430,607,-11,606,0
3526,501,4555,503,611,25,610,0
3527,4551,4555,25,309,25,610,0
3528,4555,4551,25,610,25,309,0
3529,4552,4556,-10,320,-11,606,0
3530,4556,4552,-11,606,-10,320,0
3531,4553,4557,-46,326,-45,600,0
3532,4557,4553,-45,600,-46,326,0
3533,4554,4558,-77,332,-79,597,0
3534,4558,4554,-79,597,-77,332,0
3535,4559,487,581,497,453,498,0
3536,487,486,453,498,380,499,0
3537,486,485,380,499,300,501,0
3538,485,484,300,501,226,501,0
3543,1,4524,25,0,24,-90,0
3544,4562,1003,899,946,753,947,0
3545,1003,1002,753,947,681,944,0
3546,1002,1001,681,944,605,944,0
3547,1001,1000,605,944,533,945,0
3548,1000,999,533,945,456,944,0
3549,999,998,456,944,383,945,0
3550,998,997,383,945,303,947,0
3551,997,996,303,947,229,947,0
3552,4563,566,1028,856,900,858,0
3553,4564,4562,1028,946,899,946,0
3555,4560,4545,736,414,583,411,0
3556,4561,4559,736,497,581,497,0
3577,4571,4572,-984,2671,-970,2670,0
3578,4572,4573,-970,2670,-970,2707,0
3579,4573,4094,-970,2707,-961,2708,0
3580,4094,4093,-961,2708,-885,2707,0
3581,4093,4092,-885,2707,-808,2707,0
3582,4092,4091,-808,2707,-733,2708,0
3583,4091,4090,-733,2708,-660,2709,0
3584,4090,4089,-660,2709,-582,2708,0
3585,4089,4088,-582,2708,-511,2708,0
3586,4088,4087,-511,2708,-431,2708,0
3587,4571,4097,-984,2671,-983,2732,0
3588,4571,4098,-984,2671,-983,2608,0
3589,4098,4095,-983,2608,-341,2605,0
3590,4069,4574,-659,2719,-659,2731,0
3591,4574,4459,-659,2731,-658,2785,4575
3592,4097,4096,-983,2732,-340,2730,0
3593,4096,4095,-340,2730,-341,2605,0
3594,4576,4571,-1101,2670,-984,2671,0
3595,4577,4521,-1101,2760,-1049,2759,0
3597,4578,4579,-1016,875,-1003,875,0
3598,4579,4580,-1003,875,-1002,914,0
3599,4580,3582,-1002,914,-993,914,0
3600,3582,3581,-993,914,-917,913,0
3601,3581,3580,-917,913,-840,913,0
3602,3580,3579,-840,913,-765,914,0
3603,3579,3578,-765,914,-692,915,0
3604,3578,3577,-692,915,-614,914,0
3605,3577,3576,-614,914,-543,914,0
3606,3576,3575,-543,914,-463,914,0
3607,4578,3586,-1016,875,-1015,814,0
3608,3586,3583,-1015,814,-373,811,0
3609,3583,3584,-373,811,-372,936,0
3610,4578,3585,-1016,875,-1015,938,0
3611,3585,3584,-1015,938,-372,936,0
3613,4581,4578,-1154,874,-1016,875,0
3614,4582,4009,-1153,967,-1081,965,0
3615,4583,4600,232,3539,231,3566,0
3616,4584,4601,275,3539,274,3579,0
3617,4586,4602,313,3538,312,3592,0
3618,4587,4603,353,3539,352,3605,0
3619,4588,4604,388,3540,385,3616,0
3620,4589,4605,423,3540,422,3627,0
3621,4590,4606,464,3540,463,3640,0
3622,4591,4607,497,3540,497,3652,0
3623,4592,4608,535,3539,533,3663,0
3624,4593,4609,570,3539,569,3675,0
3625,4594,4610,602,3536,602,3686,0
3626,4595,4611,638,3536,637,3697,0
3627,4596,4612,680,3535,679,3706,0
3628,4597,4613,713,3533,712,3717,0
3629,4598,4614,749,3535,749,3728,0
3630,4599,4615,779,3535,779,3740,0
3632,4616,4617,1281,3492,777,3489,0
3633,4617,4618,777,3489,747,3489,0
3634,4618,4619,747,3489,711,3489,0
3635,4619,4620,711,3489,679,3492,0
3636,4620,4621,679,3492,637,3489,0
3637,4621,4622,637,3489,601,3493,0
3638,4622,4623,601,3493,568,3492,0
3639,4623,4624,568,3492,534,3489,0
3640,4624,4625,534,3489,497,3493,0
3641,4625,4626,497,3493,461,3493,0
3642,4626,4627,461,3493,421,3493,0
3643,4627,4628,421,3493,386,3493,0
3644,4628,4629,386,3493,350,3493,0
3645,4629,4630,350,3493,312,3489,0
3646,4630,4631,312,3489,272,3493,0
3647,4631,4632,272,3493,233,3493,0
3648,4600,4648,231,3566,-1306,3565,0
3649,4601,4647,274,3579,-1284,3577,0
3650,4602,4646,312,3592,-1265,3590,0
3651,4603,4645,352,3605,-1247,3604,0
3652,4604,4644,385,3616,-1224,3615,0
3653,4605,4643,422,3627,-1199,3624,0
3654,4615,4633,779,3740,1196,3739,0
3655,4614,4634,749,3728,1165,3727,0
3656,4613,4635,712,3717,1141,3716,0
3657,4612,4636,679,3706,1112,3704,0
3658,4611,4637,637,3697,1083,3696,0
3659,4610,4638,602,3686,1060,3684,0
3660,4609,4639,569,3675,1034,3675,0
3661,4608,4640,533,3663,1012,3663,0
3662,4607,4641,497,3652,992,3651,0
3663,4606,4642,463,3640,969,3640,0
3664,4637,4649,1083,3696,1083,3120,0
3667,4638,4650,1060,3684,1059,2646,0
3698,4698,4692,1497,1347,1497,1411,4701
3699,4701,4702,1497,1401,1526,1401,4660
3700,4698,4703,1497,1347,1526,1346,4660
3745,4757,4775,1492,1298,1492,1308,4749
3746,4775,4776,1492,1308,1508,1308,4749
3747,4776,4778,1508,1308,1508,1273,4749
3748,4778,4760,1508,1273,1525,1274,4749
3834,4886,4888,1630,1247,1553,1247,4867
3853,4908,4912,1496,1204,1687,1203,4657
3859,4913,4916,1495,1216,1539,1217,4657
3863,4916,4915,1539,1217,1629,1217,4657
3875,4702,4933,1526,1401,1539,1400,4657
3876,4933,4934,1539,1400,1539,1373,4657
3879,4786,4785,1525,1226,1524,1325,4657
3881,4760,4936,1525,1274,1545,1275,4657
3882,4936,4937,1545,1275,1544,1297,4657
3911,4977,4979,1880,1348,1949,1347,4941
3912,4979,4973,1949,1347,1949,1411,4982
3913,4982,4983,1949,1401,1978,1401,4941
3914,4979,4984,1949,1347,1978,1346,4941
3915,4984,4985,1978,1346,1978,1512,4941
3925,4988,4985,1880,1511,1978,1512,4941
3928,4977,4988,1880,1348,1880,1511,4941
3931,4991,4974,1864,1436,1899,1436,4941
3956,5043,5036,1880,1249,1944,1249,5045
3957,5035,5046,1865,1298,1865,1306,5030
3958,5046,5056,1865,1306,1944,1308,5030
3959,5038,5056,1944,1298,1944,1308,5030
3960,5056,5057,1944,1308,1960,1308,5030
3961,5057,5059,1960,1308,1960,1273,5030
3962,5059,5041,1960,1273,1977,1274,5030
3966,5062,5037,1895,1316,1894,1274,5030
3971,5042,5067,1880,1226,1977,1226,5030
3973,5065,5066,1779,1325,1976,1325,5030
4066,5191,5192,1747,1523,2139,1524,4938
4075,5198,5200,1990,1337,1880,1337,4938
4076,5200,4977,1880,1337,1880,1348,4938
4089,4983,5214,1978,1401,1991,1400,4938
4091,5215,5162,1991,1373,2004,1373,4938
4093,5067,5066,1977,1226,1976,1325,4938
4096,5217,5218,1997,1275,1996,1297,4938
4097,5218,5161,1996,1297,2004,1296,4938
4119,5265,5261,1707,1669,1735,1668,5251
4121,5262,5268,1785,1693,1797,1694,5251
4122,5268,5269,1797,1694,1797,1631,5251
4132,5273,5278,1707,1706,1819,1707,5251
4135,5279,5278,1820,1543,1819,1707,5251
4137,5292,5293,1949,1582,1949,1605,5280
4138,5293,5283,1949,1605,1934,1605,5294
4139,5293,5286,1949,1605,2013,1605,5295
4140,5285,5296,1934,1654,1934,1662,5280
4141,5296,5306,1934,1662,2013,1664,5280
4146,5290,5310,1848,1653,1868,1653,5280
4147,5310,5311,1868,1653,1868,1672,5280
4149,5312,5287,1964,1672,1963,1630,5280
4150,5289,5313,1848,1605,1884,1606,5280
4151,5313,5284,1884,1606,1884,1630,5280
4152,5292,5314,1949,1582,1849,1582,5280
4153,5314,5315,1849,1582,1848,1681,5280
4154,5292,5317,1949,1582,2046,1582,5280
4155,5317,5316,2046,1582,2045,1681,5280
4156,5315,5316,1848,1681,2045,1681,5280
4166,5325,5265,1668,1669,1707,1669,4654
4198,5276,5348,1819,1631,1833,1632,4654
4199,5348,5349,1833,1632,1833,1606,4654
4200,5349,5289,1833,1606,1848,1605,4654
4202,5350,5351,1684,1633,1684,1725,4654
4205,5353,5290,1833,1653,1848,1653,4654
4211,5357,4908,1496,1190,1496,1204,4651
4213,5358,5189,1947,1190,1948,1204,4651
4216,5360,5361,2150,1535,1948,1535,4651
4217,5361,5292,1948,1535,1949,1582,4651
4218,5361,5362,1948,1535,1784,1533,4651
4384,5596,5587,1552,1947,1580,1947,5583
4385,5597,5593,1552,2024,1580,2023,5583
4390,5602,5586,1630,1898,1630,1922,5603
4391,5602,5604,1630,1898,1553,1898,5583
4398,5605,5610,1552,2061,1664,2062,5583
4400,5602,5611,1630,1898,1665,1898,5583
4401,5611,5610,1665,1898,1664,2062,5583
4420,5632,5631,1539,1868,1629,1868,5373
4421,5631,5602,1629,1868,1630,1898,5373
4432,5418,5649,1526,2052,1539,2051,5373
4434,5650,5597,1539,2024,1552,2024,5373
4437,5632,5633,1539,1868,1538,1988,5373
4438,5476,5652,1525,1925,1545,1926,5373
4439,5652,5653,1545,1926,1544,1948,5373
4440,5653,5596,1544,1948,1552,1947,5373
4444,5673,5664,1767,2048,1795,2048,5660
4464,5694,5681,1845,1999,1768,1999,5657
4470,5698,5699,1949,2052,1978,2052,5657
4471,5695,5700,1949,1998,1978,1997,5657
4511,5758,5759,1880,1877,1880,1900,5746
4512,5759,5749,1880,1900,1865,1900,5760
4513,5759,5752,1880,1900,1944,1900,5761
4514,5751,5762,1865,1949,1865,1957,5746
4515,5762,5772,1865,1957,1944,1959,5746
4516,5754,5772,1944,1949,1944,1959,5746
4517,5772,5773,1944,1959,1960,1959,5746
4518,5773,5775,1960,1959,1960,1924,5746
4519,5775,5757,1960,1924,1977,1925,5746
4520,5756,5776,1779,1948,1799,1948,5746
4521,5776,5777,1799,1948,1799,1967,5746
4522,5777,5778,1799,1967,1895,1967,5746
4523,5778,5753,1895,1967,1894,1925,5746
4524,5755,5779,1779,1900,1815,1901,5746
4525,5779,5750,1815,1901,1815,1925,5746
4526,5758,5780,1880,1877,1780,1877,5746
4527,5780,5781,1780,1877,1779,1976,5746
4528,5758,5783,1880,1877,1977,1877,5746
4530,5781,5782,1779,1976,1976,1976,5746
4598,5877,5868,2004,1947,2032,1947,5864
4604,5883,5867,2082,1898,2082,1922,5884
4605,5883,5885,2082,1898,2005,1898,5864
4606,5885,5886,2005,1898,2004,2061,5864
4613,5882,5889,2094,1986,2116,1986,5864
4614,5883,5892,2082,1898,2117,1898,5864
4615,5892,5891,2117,1898,2116,2062,5864
4621,5905,5906,1948,1855,1747,1856,5654
4622,5906,5907,1747,1856,1747,2174,5654
4624,5905,5909,1948,1855,2139,1854,5654
4626,5889,5904,2116,1986,2139,1986,5654
4627,5905,5910,1948,1855,1947,1867,5654
4628,5910,5911,1947,1867,1880,1867,5654
4630,5910,5913,1947,1867,1991,1868,5654
4634,5913,5912,1991,1868,2081,1868,5654
4635,5912,5883,2081,1868,2082,1898,5654
4636,5903,5928,1747,2010,1760,2010,5654
4637,5928,5929,1760,2010,1761,1949,5654
4638,5929,5756,1761,1949,1779,1948,5654
4641,5922,5673,1755,2048,1767,2048,5654
4642,5902,5917,1747,1967,1756,1967,5654
4644,5917,5918,1756,1967,1756,1900,5654
4645,5918,5755,1756,1900,1779,1900,5654
4646,5699,5930,1978,2052,1991,2051,5654
4650,5783,5782,1977,1877,1976,1976,5654
4651,5913,5914,1991,1868,1990,1988,5654
4653,5933,5934,1997,1926,1996,1948,5654
4654,5934,5877,1996,1948,2004,1947,5654
4679,5984,5985,1797,2345,1797,2282,5967
4682,5986,5988,1785,2194,1708,2194,5967
4683,5988,5989,1708,2194,1707,2357,5967
4691,5986,5995,1785,2194,1820,2194,5967
4692,5995,5994,1820,2194,1819,2358,5967
4697,6001,6012,1934,2305,1934,2313,5996
4698,6012,6022,1934,2313,2013,2315,5996
4701,6023,6025,2029,2315,2029,2280,5996
4703,6006,6026,1848,2304,1868,2304,5996
4704,6026,6027,1868,2304,1868,2323,5996
4705,6027,6028,1868,2323,1964,2323,5996
4706,6028,6003,1964,2323,1963,2281,5996
4717,6036,6040,1717,1827,2179,1826,5370
4727,6046,6045,1730,2185,1730,2010,5370
4741,6055,6056,1728,1988,1728,1966,5370
4742,6056,5902,1728,1966,1747,1967,5370
4747,6059,6055,1709,1988,1728,1988,5370
4752,5904,6062,2139,1986,2160,1986,5370
4755,5992,6064,1819,2282,1833,2283,5370
4756,6064,6065,1833,2283,1833,2257,5370
4757,6065,6005,1833,2257,1848,2256,5370
4762,6069,6006,1833,2304,1848,2304,5370
4766,6036,6072,1717,1827,1716,1841,5367
4767,6072,6073,1716,1841,1496,1841,5367
4769,6072,6074,1716,1841,1947,1841,5367
4770,6074,5905,1947,1841,1948,1855,5367
4771,6074,6075,1947,1841,2151,1841,5367
4787,6108,6099,2346,1394,2374,1394,6095
4788,6109,6105,2346,1471,2374,1470,6095
4789,6100,6104,2424,1419,2424,1445,6111
4795,6116,6117,2347,1345,2346,1508,6095
4806,6128,6129,2459,1345,2424,1345,6092
4807,6129,6116,2424,1345,2347,1345,6092
4808,6129,6098,2424,1345,2424,1369,6131
4811,6128,6130,2459,1345,2528,1344,6092
4814,6130,6135,2528,1344,2557,1343,6092
4815,6135,6136,2557,1343,2557,1509,6092
4824,6139,6117,2459,1508,2346,1508,6092
4825,6139,6136,2459,1508,2557,1509,6092
4828,6128,6139,2459,1345,2459,1508,6092
4829,6106,6141,2424,1495,2444,1494,6092
4830,6141,6142,2444,1494,2443,1433,6092
4831,6142,6125,2443,1433,2478,1433,6092
4854,6193,6194,2459,1223,2459,1246,6181
4855,6194,6184,2459,1246,2444,1246,6195
4856,6194,6187,2459,1246,2523,1246,6196
4858,6197,6207,2444,1303,2523,1305,6181
4859,6189,6207,2523,1295,2523,1305,6181
4860,6207,6208,2523,1305,2539,1305,6181
4861,6208,6210,2539,1305,2539,1270,6181
4862,6210,6192,2539,1270,2556,1271,6181
4863,6191,6211,2358,1294,2378,1294,6181
4864,6211,6212,2378,1294,2378,1313,6181
4865,6212,6213,2378,1313,2474,1313,6181
4866,6213,6188,2474,1313,2473,1271,6181
4867,6190,6214,2358,1246,2394,1247,6181
4868,6214,6185,2394,1247,2394,1271,6181
4869,6193,6215,2459,1223,2359,1223,6181
4870,6215,6216,2359,1223,2358,1322,6181
4871,6193,6218,2459,1223,2556,1223,6181
4873,6216,6217,2358,1322,2555,1322,6181
4948,6318,6320,2661,1244,2584,1244,6299
4964,6340,6341,2527,1201,2326,1202,6089
4965,6341,6342,2326,1202,2326,1520,6089
4967,6340,6344,2527,1201,2718,1200,6089
4970,6340,6345,2527,1201,2526,1213,6089
4971,6345,6346,2526,1213,2459,1213,6089
4972,6346,6193,2459,1213,2459,1223,6089
4973,6345,6348,2526,1213,2570,1214,6089
4975,6349,6351,2569,1334,2459,1334,6089
4976,6351,6128,2459,1334,2459,1345,6089
4977,6348,6347,2570,1214,2660,1214,6089
4978,6347,6318,2660,1214,2661,1244,6089
4979,6338,6363,2326,1356,2339,1356,6089
4980,6363,6364,2339,1356,2340,1295,6089
4981,6364,6191,2340,1295,2358,1294,6089
4982,6363,6360,2339,1356,2338,1471,6089
4983,6360,6109,2338,1471,2346,1471,6089
4984,6357,6108,2334,1394,2346,1394,6089
4985,6337,6352,2326,1313,2335,1313,6089
4986,6352,6357,2335,1313,2334,1394,6089
4987,6352,6353,2335,1313,2335,1246,6089
4988,6353,6190,2335,1246,2358,1246,6089
4989,6134,6365,2557,1398,2570,1397,6089
4993,6218,6217,2556,1223,2555,1322,6089
4994,6348,6349,2570,1214,2569,1334,6089
4995,6192,6368,2556,1271,2576,1272,6089
4996,6368,6369,2576,1272,2575,1294,6089
5026,6411,6405,2980,1344,2980,1408,6414
5027,6414,6415,2980,1398,3009,1398,6373
5028,6411,6416,2980,1344,3009,1343,6373
5039,6420,6417,2911,1508,3009,1509,6373
5042,6409,6420,2911,1345,2911,1508,6373
5043,6387,6422,2876,1495,2896,1494,6373
5044,6422,6423,2896,1494,2895,1433,6373
5045,6423,6406,2895,1433,2930,1433,6373
5068,6474,6475,2911,1223,2911,1246,6462
5069,6475,6465,2911,1246,2896,1246,6476
5070,6475,6468,2911,1246,2975,1246,6477
5071,6467,6478,2896,1295,2896,1303,6462
5073,6470,6488,2975,1295,2975,1305,6462
5074,6488,6489,2975,1305,2991,1305,6462
5075,6489,6491,2991,1305,2991,1270,6462
5076,6491,6473,2991,1270,3008,1271,6462
5080,6494,6469,2926,1313,2925,1271,6462
5083,6474,6496,2911,1223,2811,1223,6462
5085,6474,6499,2911,1223,3008,1223,6462
5155,6593,6584,3035,1293,3063,1293,6580
5156,6594,6590,3035,1370,3063,1369,6580
5158,6591,6597,3113,1394,3125,1395,6580
5161,6599,6583,3113,1244,3113,1268,6600
5162,6599,6601,3113,1244,3036,1244,6580
5163,6601,6602,3036,1244,3035,1407,6580
5169,6602,6607,3035,1407,3147,1408,6580
5170,6598,6605,3125,1332,3147,1332,6580
5171,6599,6608,3113,1244,3148,1244,6580
5172,6608,6607,3148,1244,3147,1408,6580
5178,6621,6622,2979,1201,2778,1202,6370
5180,6623,6624,2778,1520,3170,1521,6370
5181,6621,6625,2979,1201,3170,1200,6370
5182,6625,6624,3170,1200,3170,1521,6370
5184,6621,6626,2979,1201,2978,1213,6370
5185,6626,6627,2978,1213,2911,1213,6370
5186,6627,6474,2911,1213,2911,1223,6370
5187,6626,6629,2978,1213,3022,1214,6370
5191,6629,6628,3022,1214,3112,1214,6370
5192,6628,6599,3112,1214,3113,1244,6370
5203,6415,6646,3009,1398,3022,1397,6370
5204,6646,6647,3022,1397,3022,1370,6370
5207,6499,6498,3008,1223,3007,1322,6370
5208,6629,6630,3022,1214,3021,1334,6370
5209,6473,6649,3008,1271,3028,1272,6370
5210,6649,6650,3028,1272,3027,1294,6370
5213,6667,6658,2339,1590,2367,1590,6654
5214,6668,6664,2339,1667,2367,1666,6654
5215,6659,6663,2417,1615,2417,1641,6670
5216,6665,6671,2417,1691,2429,1692,6654
5217,6671,6672,2429,1692,2429,1629,6654
5219,6673,6657,2417,1541,2417,1565,6674
5220,6673,6675,2417,1541,2340,1541,6654
5221,6675,6676,2340,1541,2339,1704,6654
5228,6672,6679,2429,1629,2451,1629,6654
5229,6673,6682,2417,1541,2452,1541,6654
5230,6682,6681,2452,1541,2451,1705,6654
5232,6696,6687,2738,1589,2766,1589,6683
5233,6697,6693,2738,1666,2766,1665,6683
5234,6688,6692,2816,1614,2816,1640,6699
5235,6694,6700,2816,1690,2828,1691,6683
5236,6700,6701,2828,1691,2828,1628,6683
5240,6704,6705,2739,1540,2738,1703,6683
5246,6705,6710,2738,1703,2850,1704,6683
5247,6701,6708,2828,1628,2850,1628,6683
5248,6702,6711,2816,1540,2851,1540,6683
5249,6711,6710,2851,1540,2850,1704,6683
5251,6724,6725,2980,1579,2980,1602,6712
5252,6725,6715,2980,1602,2965,1602,6726
5253,6725,6718,2980,1602,3044,1602,6727
5254,6717,6728,2965,1651,2965,1659,6712
5255,6728,6738,2965,1659,3044,1661,6712
5256,6720,6738,3044,1651,3044,1661,6712
5257,6738,6739,3044,1661,3060,1661,6712
5258,6739,6741,3060,1661,3060,1626,6712
5259,6741,6723,3060,1626,3077,1627,6712
5260,6722,6742,2879,1650,2899,1650,6712
5261,6742,6743,2899,1650,2899,1669,6712
5262,6743,6744,2899,1669,2995,1669,6712
5263,6744,6719,2995,1669,2994,1627,6712
5264,6721,6745,2879,1602,2915,1603,6712
5265,6745,6716,2915,1603,2915,1627,6712
5266,6724,6746,2980,1579,2880,1579,6712
5267,6746,6747,2880,1579,2879,1678,6712
5268,6724,6749,2980,1579,3077,1579,6712
5269,6749,6748,3077,1579,3076,1678,6712
5270,6747,6748,2879,1678,3076,1678,6712
5271,6752,6753,2748,1173,2263,1170,6086
5273,6754,6755,2262,1737,3210,1737,6086
5274,6752,6756,2748,1173,3210,1172,6086
5275,6756,6755,3210,1172,3210,1737,6086
5277,6760,6759,2285,1572,2284,1723,6086
5278,6759,6758,2284,1723,2698,1723,6086
5280,6757,6697,2699,1666,2738,1666,6086
5286,6651,6764,2262,1483,2286,1483,6086
5287,6764,6765,2286,1483,2286,1313,6086
5288,6765,6337,2286,1313,2326,1313,6086
5289,6764,6766,2286,1483,2303,1483,6086
5290,6766,6767,2303,1483,2304,1667,6086
5291,6767,6668,2304,1667,2339,1667,6086
5292,6652,6768,2262,1528,2311,1529,6086
5293,6768,6769,2311,1529,2311,1358,6086
5294,6769,6338,2311,1358,2326,1356,6086
5295,6768,6770,2311,1529,2312,1589,6086
5296,6770,6667,2312,1589,2339,1590,6086
5311,6779,6750,3192,1506,3211,1506,6086
5312,6708,6780,2850,1628,2864,1629,6086
5313,6780,6781,2864,1629,2864,1603,6086
5314,6781,6721,2864,1603,2879,1602,6086
5315,6679,6782,2451,1629,2715,1630,6086
5316,6782,6783,2715,1630,2715,1722,6086
5317,6783,6784,2715,1722,2863,1723,6086
5318,6784,6785,2863,1723,2864,1650,6086
5319,6785,6722,2864,1650,2879,1650,6086
5320,6723,6786,3077,1627,3191,1627,6086
5321,6786,6787,3191,1627,3192,1552,6086
5322,6787,6751,3192,1552,3211,1551,6086
5323,6752,6788,2748,1173,2747,1187,6083
5324,6788,6789,2747,1187,2527,1187,6083
5325,6789,6340,2527,1187,2527,1201,6083
5326,6788,6790,2747,1187,2978,1187,6083
5327,6790,6621,2978,1187,2979,1201,6083
5328,6790,6791,2978,1187,3182,1187,6083
5329,6791,6792,3182,1187,3181,1532,6083
5330,6792,6793,3181,1532,2979,1532,6083
5331,6793,6724,2979,1532,2980,1579,6083
5332,6793,6794,2979,1532,2815,1530,6083
5334,6792,6795,3181,1532,3180,1729,6083
5335,6795,6796,3180,1729,2469,1729,6083
5336,6796,6797,2469,1729,2470,1530,6083
5337,6797,6798,2470,1530,2417,1529,6083
5338,6798,6673,2417,1529,2417,1541,6083
5368,6844,6846,2456,1999,2525,1998,6808
5369,6846,6840,2525,1998,2525,2062,6849
5370,6849,6850,2525,2052,2554,2052,6808
5416,6905,6923,2520,1949,2520,1959,6897
5417,6923,6924,2520,1959,2536,1959,6897
5418,6924,6926,2536,1959,2536,1924,6897
5428,6909,6934,2456,1877,2553,1877,6897
5498,7028,7019,2580,1947,2608,1947,7015
5500,7020,7024,2658,1972,2658,1998,7031
5502,7032,7033,2670,2049,2670,1986,7015
5504,7034,7018,2658,1898,2658,1922,7035
5505,7034,7036,2658,1898,2581,1898,7015
5506,7036,7037,2581,1898,2580,2061,7015
5513,7033,7040,2670,1986,2692,1986,7015
5515,7043,7042,2693,1898,2692,2062,7015
5524,7056,7060,2524,1855,2715,1854,6805
5526,7040,7055,2692,1986,2715,1986,6805
5527,7056,7061,2524,1855,2523,1867,6805
5530,7061,7064,2523,1867,2567,1868,6805
5532,7065,7067,2566,1988,2456,1988,6805
5534,7064,7063,2567,1868,2657,1868,6805
5552,6908,7084,2553,1925,2573,1926,6805
5553,7084,7085,2573,1926,2572,1948,6805
5554,7085,7028,2572,1948,2580,1947,6805
5558,7105,7096,2795,2048,2823,2048,7092
5577,7125,7126,2908,1999,2873,1999,7089
5578,7126,7113,2873,1999,2796,1999,7089
5596,7136,7133,2908,2162,3006,2163,7089
5600,7103,7138,2873,2149,2893,2148,7089
5625,7190,7191,2908,1877,2908,1900,7178
5627,7191,7184,2908,1900,2972,1900,7193
5628,7183,7194,2893,1949,2893,1957,7178
5629,7194,7204,2893,1957,2972,1959,7178
5630,7186,7204,2972,1949,2972,1959,7178
5631,7204,7205,2972,1959,2988,1959,7178
5636,7209,7210,2827,1967,2923,1967,7178
5637,7210,7185,2923,1967,2922,1925,7178
5712,7309,7300,3032,1947,3060,1947,7296
5713,7310,7306,3032,2024,3060,2023,7296
5714,7301,7305,3110,1972,3110,1998,7312
5715,7307,7313,3110,2048,3122,2049,7296
5718,7315,7299,3110,1898,3110,1922,7316
5719,7315,7317,3110,1898,3033,1898,7296
5726,7318,7323,3032,2061,3144,2062,7296
5727,7314,7321,3122,1986,3144,1986,7296
5728,7315,7324,3110,1898,3145,1898,7296
5729,7324,7323,3145,1898,3144,2062,7296
5736,7338,7339,2775,1856,2775,2174,7086
5737,7339,7340,2775,2174,3167,2175,7086
5738,7337,7341,2976,1855,3167,1854,7086
5739,7341,7340,3167,1854,3167,2175,7086
5740,7321,7336,3144,1986,3167,1986,7086
5748,7345,7344,3019,1868,3109,1868,7086
5749,7344,7315,3109,1868,3110,1898,7086
5750,7335,7360,2775,2010,2788,2010,7086
5755,7354,7105,2783,2048,2795,2048,7086
5757,7349,7354,2784,1967,2783,2048,7086
5760,7131,7362,3006,2052,3019,2051,7086
5761,7362,7363,3019,2051,3019,2024,7086
5764,7215,7214,3005,1877,3004,1976,7086
5765,7345,7346,3019,1868,3018,1988,7086
5766,7189,7365,3005,1925,3025,1926,7086
5767,7365,7366,3025,1926,3024,1948,7086
5795,7418,7402,2813,2194,2813,2218,7419
5805,7418,7427,2813,2194,2848,2194,7399
5808,7440,7441,2977,2233,2977,2256,7428
5809,7441,7431,2977,2256,2962,2256,7442
5810,7441,7434,2977,2256,3041,2256,7443
5811,7433,7444,2962,2305,2962,2313,7428
5812,7444,7454,2962,2313,3041,2315,7428
5813,7436,7454,3041,2305,3041,2315,7428
5815,7455,7457,3057,2315,3057,2280,7428
5816,7457,7439,3057,2280,3074,2281,7428
5817,7438,7458,2876,2304,2896,2304,7428
5820,7460,7435,2992,2323,2991,2281,7428
5821,7437,7461,2876,2256,2912,2257,7428
5822,7461,7432,2912,2257,2912,2281,7428
5823,7440,7462,2977,2233,2877,2233,7428
5824,7462,7463,2877,2233,2876,2332,7428
5825,7440,7465,2977,2233,3074,2233,7428
5826,7465,7464,3074,2233,3073,2332,7428
5828,7468,7469,2745,1827,2260,1824,6802
5831,7468,7472,2745,1827,3207,1826,6802
5842,7477,7335,2758,2010,2775,2010,6802
5855,7487,7488,2756,1988,2756,1966,6802
5860,7055,7491,2715,1986,2737,1988,6802
5861,7491,7487,2737,1988,2756,1988,6802
5866,7336,7494,3167,1986,3188,1986,6802
5867,7494,7495,3188,1986,3189,2160,6802
5868,7495,7466,3189,2160,3208,2160,6802
5869,7424,7496,2847,2282,2861,2283,6802
5870,7496,7497,2861,2283,2861,2257,6802
5871,7497,7437,2861,2257,2876,2256,6802
5876,7501,7438,2861,2304,2876,2304,6802
5878,7502,7503,3188,2281,3189,2206,6802
5879,7503,7467,3189,2206,3208,2205,6802
5882,7505,7056,2524,1841,2524,1855,6799
5884,7506,7337,2975,1841,2976,1855,6799
5885,7506,7507,2975,1841,3179,1841,6799
5886,7507,7508,3179,1841,3178,2186,6799
5888,7509,7440,2976,2186,2977,2233,6799
5889,7509,7510,2976,2186,2812,2184,6799
5890,7510,7418,2812,2184,2813,2194,6799
5901,7540,7531,3374,1394,3402,1394,7527
5902,7541,7537,3374,1471,3402,1470,7527
5903,7532,7536,3452,1419,3452,1445,7543
5909,7548,7549,3375,1345,3374,1508,7527
5920,7560,7561,3487,1345,3452,1345,7524
5921,7561,7548,3452,1345,3375,1345,7524
5926,7562,7556,3556,1344,3556,1408,7565
5927,7565,7566,3556,1398,3585,1398,7524
5928,7562,7567,3556,1344,3585,1343,7524
5929,7567,7568,3585,1343,3585,1509,7524
5938,7571,7549,3487,1508,3374,1508,7524
5939,7571,7568,3487,1508,3585,1509,7524
5942,7560,7571,3487,1345,3487,1508,7524
5943,7538,7573,3452,1495,3472,1494,7524
5944,7573,7574,3472,1494,3471,1433,7524
5945,7574,7557,3471,1433,3506,1433,7524
5968,7625,7626,3487,1223,3487,1246,7613
5969,7626,7616,3487,1246,3472,1246,7627
5970,7626,7619,3487,1246,3551,1246,7628
5971,7618,7629,3472,1295,3472,1303,7613
5972,7629,7639,3472,1303,3551,1305,7613
5973,7621,7639,3551,1295,3551,1305,7613
5974,7639,7640,3551,1305,3567,1305,7613
5975,7640,7642,3567,1305,3567,1270,7613
5976,7642,7624,3567,1270,3584,1271,7613
5977,7623,7643,3386,1294,3406,1294,7613
5978,7643,7644,3406,1294,3406,1313,7613
5979,7644,7645,3406,1313,3502,1313,7613
5980,7645,7620,3502,1313,3501,1271,7613
5981,7622,7646,3386,1246,3422,1247,7613
5982,7646,7617,3422,1247,3422,1271,7613
5983,7625,7647,3487,1223,3387,1223,7613
5984,7647,7648,3387,1223,3386,1322,7613
5985,7625,7650,3487,1223,3584,1223,7613
5987,7648,7649,3386,1322,3583,1322,7613
6055,7744,7735,3611,1293,3639,1293,7731
6057,7736,7740,3689,1318,3689,1344,7747
6058,7742,7748,3689,1394,3701,1395,7731
6059,7748,7749,3701,1395,3701,1332,7731
6061,7750,7734,3689,1244,3689,1268,7751
6062,7750,7752,3689,1244,3612,1244,7731
6063,7752,7753,3612,1244,3611,1407,7731
6070,7749,7756,3701,1332,3723,1332,7731
6071,7750,7759,3689,1244,3724,1244,7731
6072,7759,7758,3724,1244,3723,1408,7731
6078,7772,7773,3555,1201,3354,1202,7521
6079,7773,7774,3354,1202,3354,1520,7521
6080,7774,7775,3354,1520,3746,1521,7521
6081,7772,7776,3555,1201,3746,1200,7521
6082,7776,7775,3746,1200,3746,1521,7521
6083,7756,7771,3723,1332,3746,1332,7521
6084,7772,7777,3555,1201,3554,1213,7521
6085,7777,7778,3554,1213,3487,1213,7521
6086,7778,7625,3487,1213,3487,1223,7521
6087,7777,7780,3554,1213,3598,1214,7521
6089,7781,7783,3597,1334,3487,1334,7521
6090,7783,7560,3487,1334,3487,1345,7521
6091,7780,7779,3598,1214,3688,1214,7521
6092,7779,7750,3688,1214,3689,1244,7521
6093,7770,7795,3354,1356,3367,1356,7521
6094,7795,7796,3367,1356,3368,1295,7521
6095,7796,7623,3368,1295,3386,1294,7521
6096,7795,7792,3367,1356,3366,1471,7521
6097,7792,7541,3366,1471,3374,1471,7521
6098,7789,7540,3362,1394,3374,1394,7521
6099,7769,7784,3354,1313,3363,1313,7521
6100,7784,7789,3363,1313,3362,1394,7521
6101,7784,7785,3363,1313,3363,1246,7521
6102,7785,7622,3363,1246,3386,1246,7521
6103,7566,7797,3585,1398,3598,1397,7521
6104,7797,7798,3598,1397,3598,1370,7521
6105,7798,7745,3598,1370,3611,1370,7521
6107,7650,7649,3584,1223,3583,1322,7521
6108,7780,7781,3598,1214,3597,1334,7521
6109,7624,7800,3584,1271,3604,1272,7521
6110,7800,7801,3604,1272,3603,1294,7521
6111,7801,7744,3603,1294,3611,1293,7521
6115,7821,7812,3826,1394,3854,1394,7808
6116,7822,7818,3826,1471,3854,1470,7808
6117,7813,7817,3904,1419,3904,1445,7824
6123,7829,7830,3827,1345,3826,1508,7808
6134,7841,7842,3939,1345,3904,1345,7805
6139,7841,7843,3939,1345,4008,1344,7805
6140,7843,7837,4008,1344,4008,1408,7846
6141,7846,7847,4008,1398,4037,1398,7805
6142,7843,7848,4008,1344,4037,1343,7805
6143,7848,7849,4037,1343,4037,1509,7805
6152,7852,7830,3939,1508,3826,1508,7805
6153,7852,7849,3939,1508,4037,1509,7805
6156,7841,7852,3939,1345,3939,1508,7805
6157,7819,7854,3904,1495,3924,1494,7805
6158,7854,7855,3924,1494,3923,1433,7805
6159,7855,7838,3923,1433,3958,1433,7805
6182,7906,7907,3939,1223,3939,1246,7894
6183,7907,7897,3939,1246,3924,1246,7908
6184,7907,7900,3939,1246,4003,1246,7909
6185,7899,7910,3924,1295,3924,1303,7894
6186,7910,7920,3924,1303,4003,1305,7894
6187,7902,7920,4003,1295,4003,1305,7894
6188,7920,7921,4003,1305,4019,1305,7894
6189,7921,7923,4019,1305,4019,1270,7894
6190,7923,7905,4019,1270,4036,1271,7894
6191,7904,7924,3838,1294,3858,1294,7894
6192,7924,7925,3858,1294,3858,1313,7894
6193,7925,7926,3858,1313,3954,1313,7894
6194,7926,7901,3954,1313,3953,1271,7894
6195,7903,7927,3838,1246,3874,1247,7894
6196,7927,7898,3874,1247,3874,1271,7894
6197,7906,7928,3939,1223,3839,1223,7894
6198,7928,7929,3839,1223,3838,1322,7894
6199,7906,7931,3939,1223,4036,1223,7894
6201,7929,7930,3838,1322,4035,1322,7894
6269,8025,8016,4063,1293,4091,1293,8012
6270,8026,8022,4063,1370,4091,1369,8012
6271,8017,8021,4141,1318,4141,1344,8028
6272,8023,8029,4141,1394,4153,1395,8012
6273,8029,8030,4153,1395,4153,1332,8012
6275,8031,8015,4141,1244,4141,1268,8032
6276,8031,8033,4141,1244,4064,1244,8012
6277,8033,8034,4064,1244,4063,1407,8012
6283,8034,8039,4063,1407,4175,1408,8012
6284,8030,8037,4153,1332,4175,1332,8012
6285,8031,8040,4141,1244,4176,1244,8012
6286,8040,8039,4176,1244,4175,1408,8012
6292,8053,8054,4007,1201,3806,1202,7802
6293,8054,8055,3806,1202,3806,1520,7802
6294,8055,8056,3806,1520,4198,1521,7802
6295,8053,8057,4007,1201,4198,1200,7802
6296,8057,8056,4198,1200,4198,1521,7802
6297,8037,8052,4175,1332,4198,1332,7802
6298,8053,8058,4007,1201,4006,1213,7802
6299,8058,8059,4006,1213,3939,1213,7802
6300,8059,7906,3939,1213,3939,1223,7802
6301,8058,8061,4006,1213,4050,1214,7802
6303,8062,8064,4049,1334,3939,1334,7802
6304,8064,7841,3939,1334,3939,1345,7802
6305,8061,8060,4050,1214,4140,1214,7802
6306,8060,8031,4140,1214,4141,1244,7802
6307,8051,8076,3806,1356,3819,1356,7802
6308,8076,8077,3819,1356,3820,1295,7802
6309,8077,7904,3820,1295,3838,1294,7802
6310,8076,8073,3819,1356,3818,1471,7802
6312,8070,7821,3814,1394,3826,1394,7802
6313,8050,8065,3806,1313,3815,1313,7802
6314,8065,8070,3815,1313,3814,1394,7802
6315,8065,8066,3815,1313,3815,1246,7802
6316,8066,7903,3815,1246,3838,1246,7802
6317,7847,8078,4037,1398,4050,1397,7802
6318,8078,8079,4050,1397,4050,1370,7802
6319,8079,8026,4050,1370,4063,1370,7802
6321,7931,7930,4036,1223,4035,1322,7802
6322,8061,8062,4050,1214,4049,1334,7802
6323,7905,8081,4036,1271,4056,1272,7802
6324,8081,8082,4056,1272,4055,1294,7802
6325,8082,8025,4055,1294,4063,1293,7802
6327,8099,8090,3367,1590,3395,1590,8086
6328,8100,8096,3367,1667,3395,1666,8086
6329,8091,8095,3445,1615,3445,1641,8102
6330,8097,8103,3445,1691,3457,1692,8086
6331,8103,8104,3457,1692,3457,1629,8086
6333,8105,8089,3445,1541,3445,1565,8106
6334,8105,8107,3445,1541,3368,1541,8086
6335,8107,8108,3368,1541,3367,1704,8086
6341,8108,8113,3367,1704,3479,1705,8086
6342,8104,8111,3457,1629,3479,1629,8086
6343,8105,8114,3445,1541,3480,1541,8086
6344,8114,8113,3480,1541,3479,1705,8086
6346,8128,8119,3766,1589,3794,1589,8115
6347,8129,8125,3766,1666,3794,1665,8115
6348,8120,8124,3844,1614,3844,1640,8131
6349,8126,8132,3844,1690,3856,1691,8115
6350,8132,8133,3856,1691,3856,1628,8115
6352,8134,8118,3844,1540,3844,1564,8135
6353,8134,8136,3844,1540,3767,1540,8115
6354,8136,8137,3767,1540,3766,1703,8115
6360,8137,8142,3766,1703,3878,1704,8115
6361,8133,8140,3856,1628,3878,1628,8115
6362,8134,8143,3844,1540,3879,1540,8115
6363,8143,8142,3879,1540,3878,1704,8115
6365,8156,8157,4008,1579,4008,1602,8144
6366,8157,8147,4008,1602,3993,1602,8158
6367,8157,8150,4008,1602,4072,1602,8159
6368,8149,8160,3993,1651,3993,1659,8144
6369,8160,8170,3993,1659,4072,1661,8144
6370,8152,8170,4072,1651,4072,1661,8144
6371,8170,8171,4072,1661,4088,1661,8144
6372,8171,8173,4088,1661,4088,1626,8144
6373,8173,8155,4088,1626,4105,1627,8144
6374,8154,8174,3907,1650,3927,1650,8144
6375,8174,8175,3927,1650,3927,1669,8144
6377,8176,8151,4023,1669,4022,1627,8144
6378,8153,8177,3907,1602,3943,1603,8144
6381,8178,8179,3908,1579,3907,1678,8144
6382,8156,8181,4008,1579,4105,1579,8144
6383,8181,8180,4105,1579,4104,1678,8144
6384,8179,8180,3907,1678,4104,1678,8144
6385,8184,8185,3776,1173,3291,1170,7518
6386,8185,8186,3291,1170,3290,1737,7518
6387,8186,8187,3290,1737,4238,1737,7518
6388,8184,8188,3776,1173,4238,1172,7518
6389,8188,8187,4238,1172,4238,1737,7518
6390,8085,8192,3290,1572,3313,1572,7518
6391,8192,8191,3313,1572,3312,1723,7518
6392,8191,8190,3312,1723,3726,1723,7518
6393,8190,8189,3726,1723,3727,1666,7518
6394,8189,8129,3727,1666,3766,1666,7518
6396,8195,8194,3728,1531,3789,1531,7518
6397,8189,8195,3727,1666,3728,1531,7518
6398,8194,8193,3789,1531,3789,1356,7518
6400,8083,8196,3290,1483,3314,1483,7518
6402,8197,7769,3314,1313,3354,1313,7518
6403,8196,8198,3314,1483,3331,1483,7518
6404,8198,8199,3331,1483,3332,1667,7518
6405,8199,8100,3332,1667,3367,1667,7518
6406,8084,8200,3290,1528,3339,1529,7518
6407,8200,8201,3339,1529,3339,1358,7518
6409,8200,8202,3339,1529,3340,1589,7518
6410,8202,8099,3340,1589,3367,1590,7518
6412,8203,8204,3787,1334,3787,1312,7518
6413,8204,8050,3787,1312,3806,1313,7518
6417,7771,8207,3746,1332,3768,1334,7518
6418,8207,8203,3768,1334,3787,1334,7518
6419,8207,8208,3768,1334,3767,1506,7518
6420,8208,8209,3767,1506,3754,1506,7518
6421,8209,8205,3754,1506,3754,1589,7518
6422,8205,8128,3754,1589,3766,1589,7518
6423,8052,8210,4198,1332,4219,1332,7518
6424,8210,8211,4219,1332,4220,1506,7518
6425,8211,8182,4220,1506,4239,1506,7518
6426,8140,8212,3878,1628,3892,1629,7518
6427,8212,8213,3892,1629,3892,1603,7518
6428,8213,8153,3892,1603,3907,1602,7518
6429,8111,8214,3479,1629,3743,1630,7518
6430,8214,8215,3743,1630,3743,1722,7518
6431,8215,8216,3743,1722,3891,1723,7518
6432,8216,8217,3891,1723,3892,1650,7518
6433,8217,8154,3892,1650,3907,1650,7518
6434,8155,8218,4105,1627,4219,1627,7518
6435,8218,8219,4219,1627,4220,1552,7518
6436,8219,8183,4220,1552,4239,1551,7518
6437,8184,8220,3776,1173,3775,1187,7515
6438,8220,8221,3775,1187,3555,1187,7515
6439,8221,7772,3555,1187,3555,1201,7515
6440,8220,8222,3775,1187,4006,1187,7515
6441,8222,8053,4006,1187,4007,1201,7515
6442,8222,8223,4006,1187,4210,1187,7515
6443,8223,8224,4210,1187,4209,1532,7515
6444,8224,8225,4209,1532,4007,1532,7515
6445,8225,8156,4007,1532,4008,1579,7515
6447,8226,8134,3843,1530,3844,1540,7515
6448,8224,8227,4209,1532,4208,1729,7515
6449,8227,8228,4208,1729,3497,1729,7515
6450,8228,8229,3497,1729,3498,1530,7515
6451,8229,8230,3498,1530,3445,1529,7515
6452,8230,8105,3445,1529,3445,1541,7515
6458,8256,8247,3374,2048,3402,2048,8243
6459,8257,8253,3374,2125,3402,2124,8243
6460,8248,8252,3452,2073,3452,2099,8259
6466,8264,8265,3375,1999,3374,2162,8243
6477,8276,8277,3487,1999,3452,1999,8240
6478,8277,8264,3452,1999,3375,1999,8240
6479,8277,8246,3452,1999,3452,2023,8279
6482,8276,8278,3487,1999,3556,1998,8240
6483,8278,8272,3556,1998,3556,2062,8281
6484,8281,8282,3556,2052,3585,2052,8240
6485,8278,8283,3556,1998,3585,1997,8240
6486,8283,8284,3585,1997,3585,2163,8240
6495,8287,8265,3487,2162,3374,2162,8240
6496,8287,8284,3487,2162,3585,2163,8240
6499,8276,8287,3487,1999,3487,2162,8240
6501,8289,8290,3472,2148,3471,2087,8240
6502,8290,8273,3471,2087,3506,2087,8240
6525,8341,8342,3487,1877,3487,1900,8329
6526,8342,8332,3487,1900,3472,1900,8343
6527,8342,8335,3487,1900,3551,1900,8344
6528,8334,8345,3472,1949,3472,1957,8329
6529,8345,8355,3472,1957,3551,1959,8329
6530,8337,8355,3551,1949,3551,1959,8329
6531,8355,8356,3551,1959,3567,1959,8329
6532,8356,8358,3567,1959,3567,1924,8329
6533,8358,8340,3567,1924,3584,1925,8329
6534,8339,8359,3386,1948,3406,1948,8329
6535,8359,8360,3406,1948,3406,1967,8329
6536,8360,8361,3406,1967,3502,1967,8329
6537,8361,8336,3502,1967,3501,1925,8329
6538,8338,8362,3386,1900,3422,1901,8329
6539,8362,8333,3422,1901,3422,1925,8329
6540,8341,8363,3487,1877,3387,1877,8329
6541,8363,8364,3387,1877,3386,1976,8329
6542,8341,8366,3487,1877,3584,1877,8329
6544,8364,8365,3386,1976,3583,1976,8329
6612,8460,8451,3611,1947,3639,1947,8447
6613,8461,8457,3611,2024,3639,2023,8447
6614,8452,8456,3689,1972,3689,1998,8463
6615,8458,8464,3689,2048,3701,2049,8447
6616,8464,8465,3701,2049,3701,1986,8447
6618,8466,8450,3689,1898,3689,1922,8467
6619,8466,8468,3689,1898,3612,1898,8447
6620,8468,8469,3612,1898,3611,2061,8447
6626,8469,8474,3611,2061,3723,2062,8447
6627,8465,8472,3701,1986,3723,1986,8447
6628,8466,8475,3689,1898,3724,1898,8447
6629,8475,8474,3724,1898,3723,2062,8447
6635,8488,8489,3555,1855,3354,1856,8237
6636,8489,8490,3354,1856,3354,2174,8237
6637,8490,8491,3354,2174,3746,2175,8237
6638,8488,8492,3555,1855,3746,1854,8237
6639,8492,8491,3746,1854,3746,2175,8237
6640,8472,8487,3723,1986,3746,1986,8237
6641,8488,8493,3555,1855,3554,1867,8237
6642,8493,8494,3554,1867,3487,1867,8237
6643,8494,8341,3487,1867,3487,1877,8237
6644,8493,8496,3554,1867,3598,1868,8237
6646,8497,8499,3597,1988,3487,1988,8237
6647,8499,8276,3487,1988,3487,1999,8237
6648,8496,8495,3598,1868,3688,1868,8237
6649,8495,8466,3688,1868,3689,1898,8237
6650,8486,8511,3354,2010,3367,2010,8237
6651,8511,8512,3367,2010,3368,1949,8237
6652,8512,8339,3368,1949,3386,1948,8237
6653,8511,8508,3367,2010,3366,2125,8237
6654,8508,8257,3366,2125,3374,2125,8237
6655,8505,8256,3362,2048,3374,2048,8237
6656,8485,8500,3354,1967,3363,1967,8237
6657,8500,8505,3363,1967,3362,2048,8237
6658,8500,8501,3363,1967,3363,1900,8237
6659,8501,8338,3363,1900,3386,1900,8237
6660,8282,8513,3585,2052,3598,2051,8237
6661,8513,8514,3598,2051,3598,2024,8237
6662,8514,8461,3598,2024,3611,2024,8237
6664,8366,8365,3584,1877,3583,1976,8237
6665,8496,8497,3598,1868,3597,1988,8237
6666,8340,8516,3584,1925,3604,1926,8237
6667,8516,8517,3604,1926,3603,1948,8237
6668,8517,8460,3603,1948,3611,1947,8237
6672,8537,8528,3826,2048,3854,2048,8524
6673,8538,8534,3826,2125,3854,2124,8524
6674,8529,8533,3904,2073,3904,2099,8540
6680,8545,8546,3827,1999,3826,2162,8524
6691,8557,8558,3939,1999,3904,1999,8521
6692,8558,8545,3904,1999,3827,1999,8521
6693,8558,8527,3904,1999,3904,2023,8560
6696,8557,8559,3939,1999,4008,1998,8521
6697,8559,8553,4008,1998,4008,2062,8562
6698,8562,8563,4008,2052,4037,2052,8521
6699,8559,8564,4008,1998,4037,1997,8521
6700,8564,8565,4037,1997,4037,2163,8521
6709,8568,8546,3939,2162,3826,2162,8521
6710,8568,8565,3939,2162,4037,2163,8521
6716,8571,8554,3923,2087,3958,2087,8521
6739,8622,8623,3939,1877,3939,1900,8610
6740,8623,8613,3939,1900,3924,1900,8624
6742,8615,8626,3924,1949,3924,1957,8610
6744,8618,8636,4003,1949,4003,1959,8610
6745,8636,8637,4003,1959,4019,1959,8610
6746,8637,8639,4019,1959,4019,1924,8610
6747,8639,8621,4019,1924,4036,1925,8610
6748,8620,8640,3838,1948,3858,1948,8610
6749,8640,8641,3858,1948,3858,1967,8610
6750,8641,8642,3858,1967,3954,1967,8610
6751,8642,8617,3954,1967,3953,1925,8610
6752,8619,8643,3838,1900,3874,1901,8610
6753,8643,8614,3874,1901,3874,1925,8610
6754,8622,8644,3939,1877,3839,1877,8610
6755,8644,8645,3839,1877,3838,1976,8610
6756,8622,8647,3939,1877,4036,1877,8610
6758,8645,8646,3838,1976,4035,1976,8610
6826,8741,8732,4063,1947,4091,1947,8728
6827,8742,8738,4063,2024,4091,2023,8728
6828,8733,8737,4141,1972,4141,1998,8744
6829,8739,8745,4141,2048,4153,2049,8728
6830,8745,8746,4153,2049,4153,1986,8728
6833,8747,8749,4141,1898,4064,1898,8728
6834,8749,8750,4064,1898,4063,2061,8728
6840,8750,8755,4063,2061,4175,2062,8728
6841,8746,8753,4153,1986,4175,1986,8728
6843,8756,8755,4176,1898,4175,2062,8728
6849,8769,8770,4007,1855,3806,1856,8518
6850,8770,8771,3806,1856,3806,2174,8518
6851,8771,8772,3806,2174,4198,2175,8518
6852,8769,8773,4007,1855,4198,1854,8518
6854,8753,8768,4175,1986,4198,1986,8518
6855,8769,8774,4007,1855,4006,1867,8518
6856,8774,8775,4006,1867,3939,1867,8518
6857,8775,8622,3939,1867,3939,1877,8518
6858,8774,8777,4006,1867,4050,1868,8518
6860,8778,8780,4049,1988,3939,1988,8518
6861,8780,8557,3939,1988,3939,1999,8518
6862,8777,8776,4050,1868,4140,1868,8518
6864,8767,8792,3806,2010,3819,2010,8518
6865,8792,8793,3819,2010,3820,1949,8518
6866,8793,8620,3820,1949,3838,1948,8518
6867,8792,8789,3819,2010,3818,2125,8518
6868,8789,8538,3818,2125,3826,2125,8518
6869,8786,8537,3814,2048,3826,2048,8518
6870,8766,8781,3806,1967,3815,1967,8518
6871,8781,8786,3815,1967,3814,2048,8518
6872,8781,8782,3815,1967,3815,1900,8518
6873,8782,8619,3815,1900,3838,1900,8518
6874,8563,8794,4037,2052,4050,2051,8518
6875,8794,8795,4050,2051,4050,2024,8518
6876,8795,8742,4050,2024,4063,2024,8518
6878,8647,8646,4036,1877,4035,1976,8518
6879,8777,8778,4050,1868,4049,1988,8518
6880,8621,8797,4036,1925,4056,1926,8518
6881,8797,8798,4056,1926,4055,1948,8518
6882,8798,8741,4055,1948,4063,1947,8518
6884,8815,8806,3367,2244,3395,2244,8802
6890,8821,8805,3445,2195,3445,2219,8822
6891,8821,8823,3445,2195,3368,2195,8802
6900,8821,8830,3445,2195,3480,2195,8802
6903,8844,8835,3766,2243,3794,2243,8831
6909,8850,8834,3844,2194,3844,2218,8851
6910,8850,8852,3844,2194,3767,2194,8831
6911,8852,8853,3767,2194,3766,2357,8831
6918,8849,8856,3856,2282,3878,2282,8831
6919,8850,8859,3844,2194,3879,2194,8831
6920,8859,8858,3879,2194,3878,2358,8831
6922,8872,8873,4008,2233,4008,2256,8860
6923,8873,8863,4008,2256,3993,2256,8874
6924,8873,8866,4008,2256,4072,2256,8875
6925,8865,8876,3993,2305,3993,2313,8860
6926,8876,8886,3993,2313,4072,2315,8860
6927,8868,8886,4072,2305,4072,2315,8860
6930,8889,8871,4088,2280,4105,2281,8860
6931,8870,8890,3907,2304,3927,2304,8860
6932,8890,8891,3927,2304,3927,2323,8860
6933,8891,8892,3927,2323,4023,2323,8860
6934,8892,8867,4023,2323,4022,2281,8860
6935,8869,8893,3907,2256,3943,2257,8860
6936,8893,8864,3943,2257,3943,2281,8860
6937,8872,8894,4008,2233,3908,2233,8860
6938,8894,8895,3908,2233,3907,2332,8860
6939,8872,8897,4008,2233,4105,2233,8860
6940,8897,8896,4105,2233,4104,2332,8860
6941,8895,8896,3907,2332,4104,2332,8860
6942,8900,8901,3776,1827,3291,1824,8234
6947,8801,8908,3290,2226,3313,2226,8234
6954,8905,8911,3727,2320,3728,2185,8234
6955,8910,8909,3789,2185,3789,2010,8234
6956,8909,8767,3789,2010,3806,2010,8234
6957,8799,8912,3290,2137,3314,2137,8234
6958,8912,8913,3314,2137,3314,1967,8234
6959,8913,8485,3314,1967,3354,1967,8234
6960,8912,8914,3314,2137,3331,2137,8234
6961,8914,8915,3331,2137,3332,2321,8234
6963,8800,8916,3290,2182,3339,2183,8234
6965,8917,8486,3339,2012,3354,2010,8234
6966,8916,8918,3339,2183,3340,2243,8234
6967,8918,8815,3340,2243,3367,2244,8234
6969,8919,8920,3787,1988,3787,1966,8234
6970,8920,8766,3787,1966,3806,1967,8234
6974,8487,8923,3746,1986,3768,1988,8234
6975,8923,8919,3768,1988,3787,1988,8234
6976,8923,8924,3768,1988,3767,2160,8234
6977,8924,8925,3767,2160,3754,2160,8234
6978,8925,8921,3754,2160,3754,2243,8234
6979,8921,8844,3754,2243,3766,2243,8234
6980,8768,8926,4198,1986,4219,1986,8234
6983,8856,8928,3878,2282,3892,2283,8234
6984,8928,8929,3892,2283,3892,2257,8234
6985,8929,8869,3892,2257,3907,2256,8234
6990,8933,8870,3892,2304,3907,2304,8234
6993,8935,8899,4220,2206,4239,2205,8234
6994,8900,8936,3776,1827,3775,1841,8231
6995,8936,8937,3775,1841,3555,1841,8231
6996,8937,8488,3555,1841,3555,1855,8231
6997,8936,8938,3775,1841,4006,1841,8231
6998,8938,8769,4006,1841,4007,1855,8231
7001,8940,8941,4209,2186,4007,2186,8231
7002,8941,8872,4007,2186,4008,2233,8231
7003,8941,8942,4007,2186,3843,2184,8231
7008,8945,8946,3498,2184,3445,2183,8231
7009,8946,8821,3445,2183,3445,2195,8231
7010,4642,8947,969,3640,970,2488,0
7011,4641,8948,992,3651,993,2504,0
7012,4640,8949,1012,3663,1014,2518,0
7013,4639,8950,1034,3675,1032,2539,0
7014,4636,8951,1112,3704,1112,2561,0
7015,4635,8952,1141,3716,1137,2577,0
7016,4634,8953,1165,3727,1164,2593,0
7017,4633,8954,1196,3739,1191,2607,0
7018,4650,2510,1059,2646,903,2647,0
7019,4649,3022,1083,3120,903,3123,0
7020,8947,8955,970,2488,4438,2485,0
7021,8948,8956,993,2504,4463,2503,0
7022,8949,8957,1014,2518,4491,2519,0
7023,8950,8958,1032,2539,4520,2538,0
7024,8951,8959,1112,2561,4548,2559,0
7025,8952,8960,1137,2577,4573,2575,0
7026,8953,8961,1164,2593,4598,2591,0
7027,8954,8962,1191,2607,4623,2609,0
7028,8955,8967,4438,2485,4440,992,0
7029,8956,8966,4463,2503,4465,1012,0
7030,8961,8963,4598,2591,4597,1072,0
7031,8960,8964,4573,2575,4574,1049,0
7032,8959,8965,4548,2559,4549,1032,0
7033,8963,8972,4597,1072,1190,1072,0
7034,8964,8971,4574,1049,1163,1048,0
7035,8965,8970,4549,1032,1139,1030,0
7036,8966,8969,4465,1012,1118,1006,0
7037,8967,8968,4440,992,1094,991,0
7038,8968,8973,1094,991,1090,855,0
7039,8973,4563,1090,855,1028,856,0
7040,8969,8974,1118,1006,1116,946,0
7041,8974,4564,1116,946,1028,946,0
7042,8971,8976,1163,1048,1161,493,0
7043,8976,4561,1161,493,736,497,0
7044,8972,8977,1190,1072,1190,413,0
7045,8977,4560,1190,413,736,414,0
7046,4527,8978,1279,-92,1277,882,0
7047,8978,8979,1277,882,4702,882,0
7048,8979,8980,4702,882,4696,2706,0
7049,8980,8981,4696,2706,1283,2712,0
7050,8981,4616,1283,2712,1281,3492,0
7051,4555,8982,25,610,24,717,0
7052,8982,4555,24,717,25,610,0
7053,4556,8983,-11,606,-10,727,0
7054,8983,4556,-10,727,-11,606,0
7055,4557,8984,-45,600,-44,737,0
7056,8984,4557,-44,737,-45,600,0
7057,4558,8985,-79,597,-80,748,0
7058,8985,4558,-80,748,-79,597,0
7059,3494,8986,-123,87,-122,756,0
7060,8986,3494,-122,756,-123,87,0
7061,3493,8987,-157,87,-153,764,0
7062,8987,3493,-153,764,-157,87,0
7063,3486,8988,-194,87,-194,774,0
7064,8988,3486,-194,774,-194,87,0
7065,3485,8989,-230,88,-228,779,0
7066,8989,3485,-228,779,-230,88,0
7067,8982,902,24,717,807,719,0
7068,8983,901,-10,727,729,730,0
7069,8984,900,-44,737,657,738,0
7070,8985,899,-80,748,579,747,0
7071,8986,898,-122,756,507,756,0
7072,8987,897,-153,764,434,766,0
7073,8988,896,-194,774,355,774,0
7074,8989,911,-228,779,279,779,0
7075,8989,8997,-228,779,-228,1041,0
7076,8997,8989,-228,1041,-228,779,0
7077,8988,8996,-194,774,-194,1047,0
7078,8996,8988,-194,1047,-194,774,0
7079,8987,8995,-153,764,-153,1054,0
7080,8995,8987,-153,1054,-153,764,0
7081,8986,8994,-122,756,-122,1055,0
7082,8994,8986,-122,1055,-122,756,0
7083,8985,8993,-80,748,-78,1065,0
7084,8993,8985,-78,1065,-80,748,0
7085,8984,8992,-44,737,-44,1070,0
7086,8992,8984,-44,1070,-44,737,0
7087,8983,8991,-10,727,-7,1076,0
7088,8991,8983,-7,1076,-10,727,0
7089,8982,8990,24,717,22,1084,0
7090,8990,8982,22,1084,24,717,0
7092,1017,8990,803,1083,22,1084,0
7093,1016,8991,731,1076,-7,1076,0
7094,1015,8992,655,1070,-44,1070,0
7095,1014,8993,581,1064,-78,1065,0
7096,1013,8994,506,1057,-122,1055,0
7097,1012,8995,433,1053,-153,1054,0
7098,1011,8996,354,1048,-194,1047,0
7099,1008,8997,279,1044,-228,1041,0
7100,8990,8999,22,1084,20,2507,0
7101,8999,8990,20,2507,22,1084,0
7102,8991,9000,-7,1076,-7,2517,0
7103,9000,8991,-7,2517,-7,1076,0
7104,8992,9001,-44,1070,-44,2523,0
7105,9001,8992,-44,2523,-44,1070,0
7106,8993,9002,-78,1065,-78,2532,0
7107,9002,8993,-78,2532,-78,1065,0
7108,8994,9003,-122,1055,-121,2544,0
7109,9003,8994,-121,2544,-122,1055,0
7110,8995,9004,-153,1054,-153,2552,0
7111,9004,8995,-153,2552,-153,1054,0
7112,8996,9005,-194,1047,-194,2559,0
7113,9005,8996,-194,2559,-194,1047,0
7114,8997,9006,-228,1041,-226,2567,0
7115,9006,8997,-226,2567,-228,1041,0
7116,8999,2846,20,2507,810,2508,0
7117,9000,2845,-7,2517,732,2519,0
7118,9001,2844,-44,2523,660,2527,0
7119,9002,2843,-78,2532,582,2536,0
7120,9003,2842,-121,2544,510,2545,0
7121,9004,2841,-153,2552,437,2555,0
7122,9005,2840,-194,2559,358,2563,0
7123,9006,2855,-226,2567,282,2568,0
