1,25,0,sourceStart,1
2,-25,0,sourceEnd,1
3,-200,0,clock,1
17,-113,116,buffer,15
18,-39,116,buffer,16
24,-77,115,buffer,22
25,-4,115,buffer,23
26,29,114,buffer,24
27,-144,115,buffer,25
28,-177,114,buffer,26
29,-209,117,buffer,27
34,499,276,gatedIn,30
35,499,326,gatedWriteEnable,30
36,549,301,gatedOut,30
37,432,276,gatedIn,31
38,432,326,gatedWriteEnable,31
39,482,301,gatedOut,31
40,569,276,gatedIn,32
41,569,326,gatedWriteEnable,32
42,619,301,gatedOut,32
46,358,277,gatedIn,34
47,358,327,gatedWriteEnable,34
48,408,302,gatedOut,34
49,643,277,gatedIn,35
50,643,327,gatedWriteEnable,35
51,693,302,gatedOut,35
58,283,278,gatedIn,38
59,283,328,gatedWriteEnable,38
60,333,303,gatedOut,38
61,712,276,gatedIn,39
62,712,326,gatedWriteEnable,39
63,762,301,gatedOut,39
64,207,279,gatedIn,40
65,207,329,gatedWriteEnable,40
66,257,304,gatedOut,40
67,271,304,buffer,41
68,346,303,buffer,42
69,420,303,buffer,43
70,491,301,buffer,44
71,560,301,buffer,45
72,632,301,buffer,46
73,703,301,buffer,47
74,776,302,buffer,48
123,400,548,aluInA1,51
124,427,548,aluInA2,51
125,455,548,aluInA3,51
126,482,548,aluInA4,51
127,509,548,aluInA5,51
128,537,548,aluInA6,51
129,564,548,aluInA7,51
130,591,548,aluInA8,51
131,400,848,aluInB1,51
132,427,848,aluInB2,51
133,455,848,aluInB3,51
134,482,848,aluInB4,51
135,509,848,aluInB5,51
136,537,848,aluInB6,51
137,564,848,aluInB7,51
138,591,848,aluInB8,51
139,346,602,aluOut1,51
140,346,629,aluOut2,51
141,346,657,aluOut3,51
142,346,684,aluOut4,51
143,346,711,aluOut5,51
144,346,739,aluOut6,51
145,346,766,aluOut7,51
146,346,793,aluOut8,51
151,491,1106,gatedIn,54
152,491,1156,gatedWriteEnable,54
153,541,1131,gatedOut,54
154,424,1106,gatedIn,55
155,424,1156,gatedWriteEnable,55
156,474,1131,gatedOut,55
157,561,1106,gatedIn,56
158,561,1156,gatedWriteEnable,56
159,611,1131,gatedOut,56
163,350,1107,gatedIn,58
164,350,1157,gatedWriteEnable,58
165,400,1132,gatedOut,58
166,635,1107,gatedIn,59
167,635,1157,gatedWriteEnable,59
168,685,1132,gatedOut,59
175,275,1108,gatedIn,62
176,275,1158,gatedWriteEnable,62
177,325,1133,gatedOut,62
178,704,1106,gatedIn,63
179,704,1156,gatedWriteEnable,63
180,754,1131,gatedOut,63
181,199,1109,gatedIn,64
182,199,1159,gatedWriteEnable,64
183,249,1134,gatedOut,64
184,263,1134,buffer,65
185,338,1133,buffer,66
186,412,1133,buffer,67
187,483,1131,buffer,68
188,552,1131,buffer,69
189,624,1131,buffer,70
190,695,1131,buffer,71
191,768,1132,buffer,72
258,-620,490,ramIn1,76
259,-595,490,ramIn2,76
260,-570,490,ramIn3,76
261,-545,490,ramIn4,76
262,-520,490,ramIn5,76
263,-495,490,ramIn6,76
264,-470,490,ramIn7,76
265,-445,490,ramIn8,76
266,-620,905,ramOut1,76
267,-595,905,ramOut2,76
268,-570,905,ramOut3,76
269,-545,905,ramOut4,76
270,-520,905,ramOut5,76
271,-495,905,ramOut6,76
272,-470,905,ramOut7,76
273,-445,905,ramOut8,76
274,-640,677,ramReadEnable,76
275,-640,717,ramWriteEnable,76
276,-425,637,ramAddressIn4,76
277,-425,677,ramAddressIn3,76
278,-425,717,ramAddressIn2,76
279,-425,757,ramAddressIn1,76
280,-210,151,buffer,77
281,-176,159,buffer,78
282,-146,168,buffer,79
283,-112,181,buffer,80
284,-75,191,buffer,81
285,-39,201,buffer,82
286,-7,210,buffer,83
287,26,223,buffer,84
288,712,221,buffer,85
289,642,209,buffer,86
290,568,201,buffer,87
291,498,188,buffer,88
292,432,178,buffer,89
293,358,165,buffer,90
294,282,158,buffer,91
295,206,151,buffer,92
