15,LED,-113,116
16,LED,-39,116
22,LED,-77,115
23,LED,-4,115
24,LED,29,114
25,LED,-144,115
26,LED,-177,114
27,LED,-209,117
30,GATED LATCH,524,301
31,GATED LATCH,457,301
32,GATED LATCH,594,301
34,GATED LATCH,383,302
35,GATED LATCH,668,302
38,GATED LATCH,308,303
39,GATED LATCH,737,301
40,GATED LATCH,232,304
41,BUFFER,271,304
42,BUFFER,346,303
43,BUFFER,420,303
44,BUFFER,491,301
45,BUFFER,560,301
46,BUFFER,632,301
47,BUFFER,703,301
48,BUFFER,776,302
54,GATED LATCH,516,1131
55,GATED LATCH,449,1131
56,GATED LATCH,586,1131
58,GATED LATCH,375,1132
59,GATED LATCH,660,1132
62,GATED LATCH,300,1133
63,GATED LATCH,729,1131
64,GATED LATCH,224,1134
65,BUFFER,263,1134
66,BUFFER,338,1133
67,BUFFER,412,1133
68,BUFFER,483,1131
69,BUFFER,552,1131
70,BUFFER,624,1131
71,BUFFER,695,1131
72,BUFFER,768,1132
77,BUFFER,-210,151
78,BUFFER,-176,159
79,BUFFER,-146,168
80,BUFFER,-112,181
81,BUFFER,-75,191
82,BUFFER,-39,201
83,BUFFER,-7,210
84,BUFFER,26,223
85,BUFFER,712,221
86,BUFFER,642,209
87,BUFFER,568,201
88,BUFFER,498,188
89,BUFFER,432,178
90,BUFFER,358,165
91,BUFFER,282,158
92,BUFFER,206,151
96,BUFFER,270,344
100,BUFFER,345,345
106,BUFFER,490,345
109,BUFFER,419,344
112,BUFFER,560,345
115,BUFFER,631,344
118,BUFFER,702,343
121,BUFFER,776,345
163,BUFFER,224,345
171,TRANSISTOR,197,395
177,TRANSISTOR,279,394
179,TRANSISTOR,356,395
180,TRANSISTOR,431,393
184,TRANSISTOR,503,388
185,TRANSISTOR,574,391
188,BUFFER,269,452
189,BUFFER,344,453
190,BUFFER,418,453
191,BUFFER,490,454
192,BUFFER,559,453
193,BUFFER,630,455
194,BUFFER,701,451
195,BUFFER,775,455
196,TRANSISTOR,641,393
197,TRANSISTOR,714,393
198,BUFFER,738,343
199,BUFFER,666,342
200,BUFFER,598,346
201,BUFFER,526,344
202,BUFFER,455,344
203,BUFFER,381,345
204,BUFFER,303,344
205,BUFFER,964,335
206,BUFFER,856,334
209,BUFFER,712,334
210,BUFFER,642,335
211,BUFFER,568,334
212,BUFFER,498,334
213,BUFFER,431,335
214,BUFFER,357,335
215,BUFFER,282,337
216,BUFFER,206,339
217,BUFFER,963,430
218,BUFFER,854,429
219,BUFFER,689,430
220,BUFFER,616,429
221,BUFFER,548,430
222,BUFFER,477,429
223,BUFFER,406,428
224,BUFFER,330,428
225,BUFFER,253,429
226,BUFFER,172,429
227,BUFFER,221,464
228,BUFFER,302,473
229,BUFFER,379,479
230,BUFFER,455,483
232,BUFFER,599,493
233,BUFFER,665,499
234,BUFFER,737,508
235,BUFFER,-208,465
237,BUFFER,-146,479
238,BUFFER,-110,484
240,BUFFER,-38,494
242,BUFFER,28,509
243,BUFFER,-74,488
244,BUFFER,525,490
245,BUFFER,-6,502
246,BUFFER,122,0
247,BUFFER,121,50
248,BUFFER,121,80
249,BUFFER,29,82
251,BUFFER,-4,83
252,BUFFER,-40,83
253,BUFFER,-76,82
254,BUFFER,-112,81
255,BUFFER,-144,81
256,BUFFER,-177,79
257,BUFFER,-214,80
258,BUFFER,961,0
265,BUFFER,-38,566
266,BUFFER,-6,578
267,BUFFER,27,590
268,RAM,-565,633
269,BUFFER,-368,590
270,BUFFER,-395,577
271,BUFFER,-421,566
274,BUFFER,-495,541
277,BUFFER,-208,514
278,BUFFER,-546,514
280,BUFFER,-520,525
281,BUFFER,-73,552
284,BUFFER,-470,546
285,BUFFER,-444,554
287,BUFFER,-148,538
289,BUFFER,-109,545
298,ALU,345,590
299,BUFFER,-209,642
300,BUFFER,-174,670
301,BUFFER,-146,697
302,BUFFER,-112,726
303,BUFFER,-72,753
304,BUFFER,28,835
305,BUFFER,-5,807
306,BUFFER,-38,780
311,BUFFER,964,1177
313,BUFFER,634,1178
316,BUFFER,423,1181
317,BUFFER,349,1181
318,BUFFER,273,1181
319,BUFFER,198,1181
321,BUFFER,-172,980
322,BUFFER,-144,995
323,BUFFER,-112,1007
324,BUFFER,-72,1021
326,BUFFER,-7,1037
327,BUFFER,27,1049
328,BUFFER,199,968
329,BUFFER,274,981
330,BUFFER,346,994
331,BUFFER,422,1007
334,BUFFER,634,1035
335,BUFFER,702,1046
344,BUFFER,262,936
345,BUFFER,339,936
346,BUFFER,411,935
347,BUFFER,483,937
349,BUFFER,551,938
350,BUFFER,624,934
351,BUFFER,693,934
352,BUFFER,767,933
354,BUFFER,492,1017
356,BUFFER,-37,1030
357,BUFFER,563,1024
359,TRANSISTOR,237,1238
361,TRANSISTOR,309,1239
362,TRANSISTOR,384,1238
363,TRANSISTOR,458,1236
365,TRANSISTOR,604,1234
367,TRANSISTOR,747,1232
368,TRANSISTOR,522,1234
369,TRANSISTOR,666,1232
371,BUFFER,704,1178
372,BUFFER,562,1179
373,BUFFER,493,1179
375,BUFFER,721,1276
376,BUFFER,641,1277
377,BUFFER,577,1277
378,BUFFER,497,1277
379,BUFFER,432,1277
380,BUFFER,358,1277
381,BUFFER,284,1277
382,BUFFER,211,1278
383,BUFFER,854,1178
384,BUFFER,964,1276
385,BUFFER,852,1277
386,BUFFER,-208,967
387,BUFFER,-176,523
388,BUFFER,-176,470
389,BUFFER,262,1299
390,BUFFER,334,1310
391,BUFFER,409,1321
392,BUFFER,483,1331
393,BUFFER,546,1343
394,BUFFER,628,1355
395,BUFFER,691,1368
396,BUFFER,771,1384
397,BUFFER,-206,1298
398,BUFFER,-170,1310
399,BUFFER,-143,1321
400,BUFFER,-111,1330
401,BUFFER,-73,1343
402,BUFFER,-34,1355
403,BUFFER,-4,1368
404,BUFFER,26,1384
405,BUFFER,-548,1093
406,BUFFER,-518,1108
407,BUFFER,-495,1120
408,BUFFER,-471,1132
409,BUFFER,-446,1147
410,BUFFER,-419,1160
411,BUFFER,-395,1174
412,BUFFER,-369,1187
413,BUFFER,-207,1093
414,BUFFER,-172,1108
415,BUFFER,-143,1120
416,BUFFER,-110,1129
417,BUFFER,-72,1144
418,BUFFER,-35,1160
419,BUFFER,-7,1174
420,BUFFER,26,1187
