1,25,0,sourceStart,1
2,-25,0,sourceEnd,1
3,-200,0,clock,1
4,212,-162,ramIn1,2
5,237,-162,ramIn2,2
6,262,-162,ramIn3,2
7,287,-162,ramIn4,2
8,312,-162,ramIn5,2
9,337,-162,ramIn6,2
10,362,-162,ramIn7,2
11,387,-162,ramIn8,2
12,212,253,ramOut1,2
13,237,253,ramOut2,2
14,262,253,ramOut3,2
15,287,253,ramOut4,2
16,312,253,ramOut5,2
17,337,253,ramOut6,2
18,362,253,ramOut7,2
19,387,253,ramOut8,2
20,192,25,ramReadEnable,2
21,192,65,ramWriteEnable,2
22,407,-15,ramAddressIn4,2
23,407,25,ramAddressIn3,2
24,407,65,ramAddressIn2,2
25,407,105,ramAddressIn1,2
29,87,0,buffer,6
30,87,27,buffer,7
31,88,67,buffer,8
33,212,-234,buffer,10
34,238,-232,buffer,11
35,261,-232,buffer,12
36,288,-231,buffer,13
37,314,-231,buffer,14
38,337,-230,buffer,15
39,362,-230,buffer,16
40,386,-232,buffer,17
45,92,-237,buffer,22
46,93,-275,buffer,23
47,462,-275,buffer,24
48,462,-14,buffer,25
49,465,27,buffer,26
50,464,65,buffer,27
51,464,106,buffer,28
52,213,315,buffer,29
53,239,313,buffer,30
54,263,312,buffer,31
55,290,310,buffer,32
56,314,311,buffer,33
57,336,314,buffer,34
58,361,313,buffer,35
59,390,313,buffer,36
60,778,3,aluInA1,37
61,793,3,aluInA2,37
62,808,3,aluInA3,37
63,823,3,aluInA4,37
64,838,3,aluInA5,37
65,853,3,aluInA6,37
66,868,3,aluInA7,37
67,883,3,aluInA8,37
68,778,168,aluInB1,37
69,793,168,aluInB2,37
70,808,168,aluInB3,37
71,823,168,aluInB4,37
72,838,168,aluInB5,37
73,853,168,aluInB6,37
74,868,168,aluInB7,37
75,883,168,aluInB8,37
76,748,33,aluOut1,37
77,748,48,aluOut2,37
78,748,63,aluOut3,37
79,748,78,aluOut4,37
80,748,93,aluOut5,37
81,748,108,aluOut6,37
82,748,123,aluOut7,37
83,748,138,aluOut8,37
94,684,0,buffer,48
95,684,28,buffer,49
96,683,52,buffer,50
97,681,83,buffer,51
98,679,110,buffer,52
99,679,137,buffer,53
100,676,171,buffer,54
101,675,207,buffer,55
102,105,397,transCollector,56
103,55,422,transBase,56
104,105,447,transEmitter,56
105,192,396,transCollector,57
106,142,421,transBase,57
107,192,446,transEmitter,57
108,279,395,transCollector,58
109,229,420,transBase,58
110,279,445,transEmitter,58
111,369,393,transCollector,59
112,319,418,transBase,59
113,369,443,transEmitter,59
114,480,396,transCollector,60
115,430,421,transBase,60
116,480,446,transEmitter,60
117,573,396,transCollector,61
118,523,421,transBase,61
119,573,446,transEmitter,61
120,12,400,transCollector,62
121,-38,425,transBase,62
122,12,450,transEmitter,62
123,682,391,transCollector,63
124,632,416,transBase,63
125,682,441,transEmitter,63
126,45,386,transNotOut,62
127,127,383,transNotOut,56
128,203,382,transNotOut,57
129,280,381,transNotOut,58
130,360,380,transNotOut,59
131,456,383,transNotOut,60
132,538,383,transNotOut,61
133,634,378,transNotOut,63
142,88,256,buffer,70
143,-105,427,buffer,71
144,-41,488,buffer,72
145,55,488,buffer,73
146,142,489,buffer,74
147,230,490,buffer,75
148,319,491,buffer,76
149,430,491,buffer,77
150,522,489,buffer,78
151,633,489,buffer,79
152,47,44,buffer,80
153,13,546,buffer,81
154,104,549,buffer,82
155,191,549,buffer,83
156,279,548,buffer,84
157,367,549,buffer,85
158,479,547,buffer,86
159,573,548,buffer,87
160,681,547,buffer,88
691,585,-299,gatedIn,484
692,585,-249,gatedWriteEnable,484
693,635,-274,gatedOut,484
694,662,-299,gatedIn,485
695,662,-249,gatedWriteEnable,485
696,712,-274,gatedOut,485
697,733,-299,gatedIn,486
698,733,-249,gatedWriteEnable,486
699,783,-274,gatedOut,486
700,805,-300,gatedIn,487
701,805,-250,gatedWriteEnable,487
702,855,-275,gatedOut,487
703,880,-301,gatedIn,488
704,880,-251,gatedWriteEnable,488
705,930,-276,gatedOut,488
706,951,-298,gatedIn,489
707,951,-248,gatedWriteEnable,489
708,1001,-273,gatedOut,489
709,1019,-298,gatedIn,490
710,1019,-248,gatedWriteEnable,490
711,1069,-273,gatedOut,490
712,1095,-297,gatedIn,491
713,1095,-247,gatedWriteEnable,491
714,1145,-272,gatedOut,491
715,461,-404,buffer,492
716,586,-405,buffer,493
717,662,-407,buffer,494
718,733,-405,buffer,495
719,804,-403,buffer,496
720,881,-404,buffer,497
721,949,-403,buffer,498
722,1020,-405,buffer,499
723,1097,-407,buffer,500
724,650,-274,buffer,501
725,723,-273,buffer,502
726,795,-274,buffer,503
727,867,-274,buffer,504
728,942,-275,buffer,505
729,1011,-274,buffer,506
730,1082,-273,buffer,507
731,1161,-271,buffer,508
732,649,-113,buffer,509
733,724,-113,buffer,510
734,796,-110,buffer,511
735,867,-112,buffer,512
736,942,-110,buffer,513
737,1011,-111,buffer,514
738,1083,-112,buffer,515
739,1162,-112,buffer,516
740,533,-274,buffer,517
741,534,-215,buffer,518
742,586,-211,buffer,519
743,661,-210,buffer,520
744,733,-207,buffer,521
745,803,-207,buffer,522
746,881,-206,buffer,523
747,952,-208,buffer,524
748,1021,-206,buffer,525
749,1096,-199,buffer,526
750,860,298,gatedIn,527
751,860,348,gatedWriteEnable,527
752,910,323,gatedOut,527
753,959,296,gatedIn,528
754,959,346,gatedWriteEnable,528
755,1009,321,gatedOut,528
756,1056,296,gatedIn,529
757,1056,346,gatedWriteEnable,529
758,1106,321,gatedOut,529
759,1144,293,gatedIn,530
760,1144,343,gatedWriteEnable,530
761,1194,318,gatedOut,530
762,1246,292,gatedIn,531
763,1246,342,gatedWriteEnable,531
764,1296,317,gatedOut,531
765,1345,291,gatedIn,532
766,1345,341,gatedWriteEnable,532
767,1395,316,gatedOut,532
768,1454,289,gatedIn,533
769,1454,339,gatedWriteEnable,533
770,1504,314,gatedOut,533
771,1544,289,gatedIn,534
772,1544,339,gatedWriteEnable,534
773,1594,314,gatedOut,534
774,932,323,buffer,535
775,931,246,buffer,536
776,1033,320,buffer,537
777,1032,241,buffer,538
778,1123,320,buffer,539
779,1124,237,buffer,540
780,1216,316,buffer,541
781,1212,233,buffer,542
782,1316,314,buffer,543
783,1313,228,buffer,544
784,1421,315,buffer,545
785,1418,230,buffer,546
786,1521,314,buffer,547
787,1523,225,buffer,548
788,1623,312,buffer,549
789,1628,231,buffer,550
792,1379,-405,buffer,553
793,1379,99,buffer,554
794,1758,97,buffer,555
795,1756,255,buffer,556
796,1756,383,buffer,557
797,1543,386,buffer,558
798,1452,388,buffer,559
799,1344,390,buffer,560
800,1245,391,buffer,561
801,1143,391,buffer,562
802,1055,393,buffer,563
803,958,393,buffer,564
804,861,390,buffer,565
805,1542,253,buffer,566
806,1450,252,buffer,567
807,1343,252,buffer,568
808,1244,253,buffer,569
809,1144,253,buffer,570
810,1056,255,buffer,571
811,960,257,buffer,572
812,858,258,buffer,573
