15,LED,-113,116
16,LED,-39,116
22,LED,-77,115
23,LED,-4,115
24,LED,29,114
25,LED,-144,115
26,LED,-177,114
27,LED,-209,117
30,GATED LATCH,524,301
31,GATED LATCH,457,301
32,GATED LATCH,594,301
34,GATED LATCH,383,302
35,GATED LATCH,668,302
38,GATED LATCH,308,303
39,GATED LATCH,737,301
40,GATED LATCH,232,304
41,BUFFER,271,304
42,BUFFER,346,303
43,BUFFER,420,303
44,BUFFER,491,301
45,BUFFER,560,301
46,BUFFER,632,301
47,BUFFER,703,301
48,BUFFER,776,302
54,GATED LATCH,516,1131
55,GATED LATCH,449,1131
56,GATED LATCH,586,1131
58,GATED LATCH,375,1132
59,GATED LATCH,660,1132
62,GATED LATCH,300,1133
63,GATED LATCH,729,1131
64,GATED LATCH,224,1134
65,BUFFER,263,1134
66,BUFFER,338,1133
67,BUFFER,412,1133
68,BUFFER,483,1131
69,BUFFER,552,1131
70,BUFFER,624,1131
71,BUFFER,695,1131
72,BUFFER,768,1132
85,BUFFER,712,221
86,BUFFER,642,209
87,BUFFER,568,201
88,BUFFER,498,188
89,BUFFER,432,178
90,BUFFER,358,165
91,BUFFER,282,158
92,BUFFER,206,151
96,BUFFER,270,344
100,BUFFER,345,345
106,BUFFER,490,345
109,BUFFER,419,344
112,BUFFER,560,345
115,BUFFER,631,344
118,BUFFER,702,343
121,BUFFER,776,345
163,BUFFER,224,345
171,TRANSISTOR,197,395
177,TRANSISTOR,279,394
179,TRANSISTOR,356,395
180,TRANSISTOR,431,393
184,TRANSISTOR,503,388
185,TRANSISTOR,574,391
188,BUFFER,269,452
189,BUFFER,344,453
190,BUFFER,418,453
191,BUFFER,490,454
192,BUFFER,559,453
193,BUFFER,630,455
194,BUFFER,701,451
195,BUFFER,775,455
196,TRANSISTOR,641,393
197,TRANSISTOR,714,393
198,BUFFER,738,343
199,BUFFER,666,342
200,BUFFER,598,346
201,BUFFER,526,344
202,BUFFER,455,344
203,BUFFER,381,345
204,BUFFER,303,344
206,BUFFER,856,334
209,BUFFER,712,334
210,BUFFER,642,335
211,BUFFER,568,334
212,BUFFER,498,334
213,BUFFER,431,335
214,BUFFER,357,335
215,BUFFER,282,337
216,BUFFER,206,339
218,BUFFER,854,429
219,BUFFER,689,430
220,BUFFER,616,429
221,BUFFER,548,430
222,BUFFER,477,429
223,BUFFER,406,428
224,BUFFER,330,428
225,BUFFER,253,429
226,BUFFER,172,429
227,BUFFER,221,464
228,BUFFER,302,473
229,BUFFER,379,479
230,BUFFER,455,483
232,BUFFER,599,493
233,BUFFER,665,499
234,BUFFER,737,508
244,BUFFER,525,490
246,BUFFER,122,0
268,RAM,-565,633
269,BUFFER,-368,590
270,BUFFER,-395,577
271,BUFFER,-421,566
274,BUFFER,-495,541
278,BUFFER,-546,514
280,BUFFER,-520,525
284,BUFFER,-470,546
285,BUFFER,-444,554
313,BUFFER,634,1178
316,BUFFER,423,1181
317,BUFFER,349,1181
318,BUFFER,273,1181
319,BUFFER,198,1181
328,BUFFER,199,968
329,BUFFER,274,981
330,BUFFER,346,994
331,BUFFER,422,1007
334,BUFFER,634,1035
335,BUFFER,702,1046
344,BUFFER,262,936
345,BUFFER,339,936
346,BUFFER,411,935
347,BUFFER,483,937
349,BUFFER,551,938
350,BUFFER,624,934
351,BUFFER,693,934
352,BUFFER,767,933
354,BUFFER,492,1017
357,BUFFER,563,1024
359,TRANSISTOR,237,1238
361,TRANSISTOR,309,1239
362,TRANSISTOR,384,1238
363,TRANSISTOR,458,1236
365,TRANSISTOR,604,1234
367,TRANSISTOR,747,1232
368,TRANSISTOR,522,1234
369,TRANSISTOR,666,1232
371,BUFFER,704,1178
372,BUFFER,562,1179
373,BUFFER,493,1179
375,BUFFER,721,1276
376,BUFFER,641,1277
377,BUFFER,577,1277
378,BUFFER,497,1277
379,BUFFER,432,1277
380,BUFFER,358,1277
381,BUFFER,284,1277
382,BUFFER,211,1278
389,BUFFER,262,1299
390,BUFFER,334,1310
391,BUFFER,409,1321
392,BUFFER,483,1331
393,BUFFER,546,1343
394,BUFFER,628,1355
395,BUFFER,691,1368
396,BUFFER,771,1384
425,TRANSISTOR,-658,1144
434,TRANSISTOR,-732,1146
435,TRANSISTOR,-581,1144
436,TRANSISTOR,-514,1142
437,TRANSISTOR,-445,1142
438,TRANSISTOR,-381,1143
439,TRANSISTOR,-306,1143
440,TRANSISTOR,-808,1145
444,BUFFER,-834,1187
445,BUFFER,-758,1188
446,BUFFER,-683,1187
447,BUFFER,-606,1185
448,BUFFER,-539,1185
449,BUFFER,-471,1184
450,BUFFER,-406,1184
451,BUFFER,-331,1183
452,BUFFER,-784,1403
453,BUFFER,-706,1420
454,BUFFER,-633,1439
455,BUFFER,-556,1459
456,BUFFER,-489,1478
457,BUFFER,-421,1501
458,BUFFER,-354,1519
459,BUFFER,-281,1538
462,BUSTERM,26,1536
463,BUSTERM,-4,1519
464,BUSTERM,-34,1502
465,BUSTERM,-74,1480
466,BUSTERM,-111,1457
467,BUSTERM,-144,1442
468,BUSTERM,-169,1420
469,BUSTERM,-209,1402
470,BUSTERM,26,1383
471,BUSTERM,-2,1367
473,BUSTERM,-73,1341
474,BUSTERM,-33,1355
475,BUSTERM,-111,1331
476,BUSTERM,-143,1322
477,BUSTERM,-171,1309
478,BUSTERM,-207,1299
479,BUSTERM,26,1049
481,BUSTERM,-1,1040
482,BUSTERM,-35,1032
483,BUSTERM,-71,1020
484,BUSTERM,-111,1008
485,BUSTERM,-142,995
486,BUSTERM,-171,980
487,BUSTERM,-208,964
488,BUSTERM,27,834
489,BUSTERM,-4,805
490,BUSTERM,-38,779
491,BUSTERM,-73,752
492,BUSTERM,-111,725
493,BUSTERM,-145,698
494,BUSTERM,-173,669
495,BUSTERM,-209,643
496,BUSTERM,26,590
497,BUSTERM,-5,577
498,BUSTERM,-37,566
499,BUSTERM,-72,551
500,BUSTERM,-108,545
501,BUSTERM,-147,538
502,BUSTERM,-176,522
503,BUSTERM,-208,512
512,BUSTERM,26,507
513,BUSTERM,-3,498
514,BUSTERM,-37,491
515,BUSTERM,-72,487
517,BUSTERM,-108,482
518,BUSTERM,-139,477
519,BUSTERM,-171,471
520,BUSTERM,-206,462
521,BUSTERM,26,222
522,BUSTERM,-6,209
523,BUSTERM,-39,200
524,BUSTERM,-76,190
525,BUSTERM,-113,181
526,BUSTERM,-145,169
527,BUSTERM,-177,158
528,BUSTERM,-211,149
529,BUSTERM,-210,93
531,BUSTERM,28,98
532,BUSTERM,-4,96
533,BUSTERM,-39,96
534,BUSTERM,-77,94
535,BUSTERM,-113,96
536,BUSTERM,-142,96
537,BUSTERM,-180,95
538,BUFFER,121,67
539,BUFFER,28,67
540,BUFFER,-5,67
541,BUFFER,-39,66
542,BUFFER,-76,66
543,BUFFER,-113,67
544,BUFFER,-144,67
545,BUFFER,-177,65
546,BUFFER,-209,65
554,TRANSISTOR,284,853
556,TRANSISTOR,284,778
557,TRANSISTOR,284,700
558,TRANSISTOR,284,615
559,TRANSISTOR,209,850
560,TRANSISTOR,209,780
561,TRANSISTOR,210,700
562,TRANSISTOR,211,616
570,BUFFER,249,554
571,BUFFER,248,614
572,BUFFER,247,699
573,BUFFER,247,777
574,BUFFER,247,852
575,BUFFER,171,552
576,BUFFER,169,615
577,BUFFER,169,701
578,BUFFER,168,782
579,BUFFER,166,852
580,BUSTERM,26,900
581,BUSTERM,-4,860
582,BUSTERM,-38,820
583,BUSTERM,-73,780
616,GATED LATCH,-290,811
620,GATED LATCH,-290,883
625,GATED LATCH,-289,739
627,GATED LATCH,-289,954
628,BUFFER,-232,780
629,BUFFER,-232,694
630,BUFFER,-314,694
631,BUFFER,-247,818
632,BUFFER,-246,779
633,BUFFER,-314,776
634,BUFFER,-247,859
635,BUFFER,-247,846
636,BUFFER,-313,847
637,BUFFER,-247,899
638,BUFFER,-247,920
639,BUFFER,-313,919
640,BUFFER,-250,952
641,BUFFER,-250,989
642,BUFFER,-342,990
643,BUFFER,-341,900
644,BUFFER,-256,882
645,BUFFER,-256,999
646,BUFFER,-332,999
647,BUFFER,-331,860
649,BUFFER,-253,739
650,BUFFER,-253,675
651,BUFFER,-341,675
652,BUFFER,-341,780
653,BUFFER,-258,810
654,BUFFER,-258,667
655,BUFFER,-330,667
656,BUFFER,-330,819
657,BUFFER,-322,612
658,BUFFER,-323,761
659,BUFFER,-323,836
660,BUFFER,-322,907
661,BUFFER,-321,980
666,BUSTERM,26,291
667,BUSTERM,-6,278
668,BUSTERM,-39,266
669,BUSTERM,-76,252
673,BUSTERM,26,436
674,BUSTERM,-7,420
675,BUSTERM,-38,405
676,BUSTERM,-75,389
677,BUFFER,-336,291
678,BUFFER,-360,278
679,BUFFER,-383,265
680,BUFFER,-408,252
696,TRANSISTOR,-470,416
699,TRANSISTOR,-402,415
700,TRANSISTOR,-333,414
701,TRANSISTOR,-274,414
703,BUFFER,-493,370
706,BUFFER,-427,369
707,BUFFER,-359,369
708,BUFFER,-299,370
711,IR,-603,1754
712,BUFFER,-396,1729
713,BUFFER,-422,1716
714,BUFFER,-448,1703
715,BUFFER,-472,1690
716,BUFFER,-497,1676
717,BUFFER,-522,1663
718,BUFFER,-547,1648
719,BUFFER,-572,1634
721,BUSTERM,27,1730
722,BUSTERM,-3,1716
723,BUSTERM,-34,1704
724,BUSTERM,-73,1691
725,BUSTERM,-110,1676
726,BUSTERM,-144,1663
728,BUSTERM,-206,1634
729,BUSTERM,-172,1650
733,TRANSISTOR,-471,1872
734,TRANSISTOR,-405,1871
735,TRANSISTOR,-335,1871
736,TRANSISTOR,-263,1869
738,BUFFER,-496,1859
739,BUFFER,-429,1857
740,BUFFER,-362,1857
741,BUFFER,-288,1855
745,BUFFER,-447,1918
746,BUFFER,-380,1930
747,BUFFER,-310,1947
748,BUFFER,-236,1965
749,BUSTERM,28,1963
750,BUSTERM,-2,1946
751,BUSTERM,-34,1929
752,BUSTERM,-71,1918
753,BUFFER,-625,1937
754,BUFFER,-592,1937
755,BUFFER,-556,1937
756,BUFFER,-523,1936
762,BUSTERM,27,1888
763,BUSTERM,-2,1873
764,BUSTERM,-35,1858
765,BUSTERM,-73,1848
766,BUSTERM,-110,1836
767,BUSTERM,-144,1825
768,BUSTERM,-172,1814
769,BUSTERM,-206,1800
770,BUFFER,306,1888
771,BUFFER,286,1873
774,BUFFER,264,1857
775,BUFFER,247,1846
776,BUFFER,230,1835
777,BUFFER,214,1824
778,BUFFER,197,1813
779,BUFFER,178,1798
780,BUFFER,178,1471
781,BUFFER,196,1482
782,BUFFER,214,1494
783,BUFFER,229,1506
784,BUFFER,246,1518
785,BUFFER,262,1531
786,BUFFER,284,1550
787,BUFFER,304,1566
788,BUFFER,377,1471
789,BUFFER,396,1481
790,BUFFER,414,1494
791,BUFFER,431,1506
792,BUFFER,446,1518
793,BUFFER,465,1529
794,BUFFER,482,1551
795,BUFFER,499,1566
840,BUFFER,-908,328
846,BUFFER,-921,369
861,BUFFER,-949,345
862,BUFFER,-805,2078
863,BUFFER,-781,2097
864,BUFFER,-755,2118
865,BUFFER,-731,2135
866,BUFFER,-705,2151
867,BUFFER,-681,2167
868,BUFFER,-655,2186
869,BUFFER,-629,2201
870,BUFFER,-605,2217
871,BUFFER,-579,2233
872,BUFFER,-556,2250
873,BUFFER,-529,2266
874,BUFFER,-505,2281
875,BUFFER,-479,2298
876,BUFFER,-454,2314
877,BUFFER,-904,2315
878,BUFFER,-925,2297
879,BUFFER,-947,2282
881,BUFFER,979,2268
883,BUFFER,998,2248
884,BUFFER,995,1177
885,BUFFER,1014,2232
886,BUFFER,1014,746
887,BUFFER,1034,2218
888,BUFFER,1031,555
889,BUFFER,1053,2197
890,BUFFER,1052,433
891,BUFFER,1077,2184
892,BUFFER,1077,333
893,BUFFER,-972,2167
894,BUFFER,-969,1779
896,BUFFER,-992,1864
897,BUFFER,-990,2150
898,BUFFER,-1011,2135
899,BUFFER,-1013,1189
900,BUFFER,-1031,2117
901,BUFFER,-1031,858
902,BUFFER,-1047,2097
903,BUFFER,-1047,611
905,BUFFER,1109,4
906,BUFFER,1110,2078
912,BUFFER,-1064,2078
913,BUFFER,-1065,-22
919,COUNTER,-432,303
920,ALU,345,589
926,BUFFER,720,640
927,BUFFER,721,580
929,BUFFER,759,665
930,BUFFER,759,612
933,FLAGSREG,895,651
934,BUFFER,944,579
935,BUFFER,919,609
938,BUFFER,917,2041
939,BUFFER,942,2024
942,DECODER,-830,1983
943,BUFFER,-348,2021
944,BUFFER,-323,2039
945,BUFFER,-204,2076
946,BUFFER,-347,1967
947,BUFFER,-322,1941
948,BUFFER,-455,1941
950,BUFFER,-404,1966
951,BUFFER,-430,2280
952,BUFFER,965,2281
953,BUFFER,961,727
954,BUFFER,993,725
955,BUFFER,994,679
956,BUFFER,-405,2332
959,BUFFER,-881,2332
960,BUFFER,-881,1923
967,MICROCOUNTER,-802,1898
969,BUFFER,978,1713
971,DISPLAY,363,1618
974,BUFFER,-312,327
975,BUFFER,-298,0
977,BUFFER,-298,328
978,BUFFER,-565,741
979,BUFFER,-858,-1
980,BUFFER,-858,741
981,BUFFER,-859,1589
982,BUFFER,-339,1589
983,BUFFER,-341,1779
984,BUFFER,-365,1778
985,BUFFER,-712,1923
986,BUFFER,-858,1820
987,BUFFER,-682,1819
988,BUFFER,-682,1923
989,BUFFER,-858,2015
990,BUFFER,-830,2014
991,BUFFER,-143,0
992,BUFFER,-143,-45
993,BUFFER,1131,-45
994,BUFFER,1129,662
999,BUFFER,969,661
1002,BUFFER,645,817
1003,BUFFER,1128,817
1006,BUFFER,768,1665
1007,BUFFER,1126,1664
